1
2
1,52
2,67466
2
1
2,67466
3
1
1,50
6
1
1,50
7
1
1,50
9
1
2,67466
11
1
2,67466
14
1
2,67466
19
1
2,67466
22
1
2,67466
23
1
1,50
25
1
1,50
26
2
1,53
2,67466
28
1
1,50
30
1
2,67466
32
2
1,50
2,67466
36
1
1,50
37
1
1,50
39
1
2,67466
40
1
2,67466
42
1
1,53
43
2
1,50
2,67466
45
1
2,67466
48
1
2,67466
52
1
1,50
53
1
1,50
55
2
1,52
2,67466
56
1
2,67466
58
1
2,67466
60
1
2,67466
65
1
2,67466
67
1
2,67466
70
2
1,52
2,67466
71
1
2,67466
72
2
1,53
2,67466
73
1
2,67466
76
1
2,67466
77
1
1,52
78
1
2,67466
80
1
1,51
81
1
2,67466
83
1
2,67466
88
1
2,67466
90
1
1,54
91
1
1,50
93
2
1,53
2,67466
94
1
2,67466
99
1
2,67466
102
1
1,53
103
1
2,67466
104
1
2,67466
107
2
1,52
2,67466
109
1
1,52
110
1
2,67466
112
1
1,50
113
1
2,67466
116
1
1,50
117
1
2,67466
118
2
1,50
2,67466
119
1
2,67466
123
1
2,67466
125
1
2,67466
127
1
2,67466
128
1
2,67466
129
2
1,52
2,67466
131
1
2,67466
133
1
1,52
134
1
2,67466
136
1
1,53
137
1
2,67466
140
1
2,67466
143
1
2,67466
144
2
1,52
2,67466
145
1
1,50
146
1
2,67466
148
1
2,67466
150
1
2,67466
151
1
2,67466
156
2
1,53
2,67466
160
1
1,53
161
1
2,67466
166
1
2,67466
168
1
2,67466
169
1
1,49
170
2
1,50
2,67466
175
2
1,52
2,67466
176
1
2,67466
177
1
2,67466
181
2
1,52
2,67466
186
1
2,67466
190
1
2,67466
191
1
1,49
192
1
2,67466
193
1
2,67466
195
1
2,67466
197
1
2,67466
198
1
2,67466
199
1
2,67466
203
1
2,67466
206
1
2,67466
207
1
2,67466
209
1
2,67466
210
1
2,67466
213
1
2,67466
216
1
2,67466
217
1
2,67466
218
1
2,67466
220
1
2,67466
221
1
2,67466
223
1
2,67466
224
1
2,67466
227
1
1,52
231
2
1,49
2,67466
232
1
2,67466
235
1
1,52
236
2
1,52
2,67466
237
1
1,53
240
2
1,50
2,67466
243
1
2,67466
244
1
1,53
251
1
2,67466
252
1
2,67466
254
1
2,67466
256
1
2,67466
257
1
2,67466
261
2
1,51
2,67466
262
1
1,53
264
1
2,67466
266
2
1,49
2,67466
267
1
1,50
268
2
1,51
2,67466
269
1
2,67466
271
1
1,49
272
1
2,67466
273
1
2,67466
277
1
1,53
278
1
2,67466
279
1
2,67466
280
1
2,67466
281
1
2,67466
285
1
2,67466
286
2
1,52
2,67466
287
1
2,67466
289
1
1,51
295
1
2,67466
296
1
2,67466
297
1
1,50
298
1
2,67466
299
1
1,52
300
1
2,67466
301
2
1,53
2,67466
304
1
2,67466
308
2
1,52
2,67466
309
1
2,67466
310
1
1,51
313
1
2,67466
315
1
2,67466
317
1
2,67466
318
1
2,67466
320
1
2,67466
322
1
2,67466
323
1
1,51
325
1
2,67466
327
1
2,67466
329
1
2,67466
332
1
2,67466
334
1
2,67466
335
1
2,67466
336
1
2,67466
337
1
2,67466
338
1
2,67466
339
1
2,67466
340
1
2,67466
341
1
2,67466
342
1
2,67466
343
1
2,67466
344
1
2,67466
345
1
2,67466
346
1
2,67466
347
1
2,67466
348
2
1,54
2,67466
349
1
2,67466
350
1
2,67466
351
2
1,50
2,67466
352
2
1,51
2,67466
353
1
2,67466
354
1
2,67466
355
1
2,67466
356
2
1,54
2,67466
357
1
2,67466
358
1
2,67466
359
1
2,67466
360
1
2,67466
361
1
2,67466
362
1
2,67466
363
1
2,67466
