,128,438,554883797,48,,
4056,128,438,1446000533,77,,
4086,128,439,548466198,44,,14
3081,128,439,1456043926,35,,5
,128,439,767216950,35,54,12
3100,128,439,1495980982,35,,2
,128,439,1050248982,35,94,1
,128,440,-2092927241,35,,7
,128,438,-826194828,,,7
,128,438,1253835409,,,19
,128,438,170876564,,,
,128,438,1196577107,,48,13
,95,334,-1715115386,56,89,
2032,25,324,1177278018,53,,
,25,196,-1038751299,46,,
,27,198,-149829328,35,94,15
,27,434,660968977,35,90,14
2208,27,198,567134460,35,,13
,27,434,-336102415,35,,
5224,27,436,-611445325,35,,
,27,435,685389778,35,,1
,27,436,-837384781,35,,
5222,27,198,1095127051,35,,19
,27,198,-1503139056,35,,
4089,27,434,376374257,35,,4
,27,434,150434801,35,,
2204,27,437,2054934804,35,,
,128,439,1666737814,35,,
,128,439,-1509957866,35,,7
4074,25,196,1214079413,86,22,2
,,,1155137589,,62,
,,,-1587345974,,,
,,,339864971,,,8
,,,-614754156,,,
,66,344,-1484520866,118,,0
,66,344,2017066272,137,,
,,,-764878795,,,
4054,,,957776410,,45,9
1403,,,203985499,,,
3069,,,-809132899,,33,
,,,-1422246578,,77,19
,,,311793138,,81,3
2228,,,412568840,,,
3212,,,1044222960,,,4
4100,,,-144036406,,,
,,,-1326469509,,,17
,66,345,913976091,43,95,0
1403,66,345,840204545,111,19,17
5234,66,345,1755235225,93,,
,66,345,-838257859,179,,13
5089,66,346,1315556958,42,,
,66,347,-1410769093,36,,
3074,66,345,-6316551,35,14,3
,66,345,151703183,35,,
,66,345,-1890433401,35,61,15
,66,346,-708542822,35,77,
,66,346,1104862830,35,,13
,66,346,1053008954,35,,9
3216,66,346,-426739608,35,,8
6072,66,346,2077829866,35,19,9
,66,347,981796307,35,,
4243,128,438,1697499637,35,22,15
5089,128,438,-1697946795,35,,13
,128,441,1861471128,35,,
2084,128,,50,164,42,15
4028,128,,53,50,,
,128,,54,47,,12
,25,,50,154,,0
4092,95,334,-1667014130,35,,
,95,334,1551726996,35,,12
2100,25,196,-528217153,58,43,
,128,443,71681210,35,,
4221,29,200,-1987586508,4,,16
,29,,50,16,,5
2064,26,331,-799656557,35,,
,26,197,132587463,35,,3
,130,453,-217238891,35,,
,66,345,1690362243,35,,6
,30,450,-1790003816,35,,
,130,455,1810134423,35,,
,25,195,88389510,35,,
1427,130,456,-659390760,35,,
3084,130,453,716644405,35,,
,39,216,1053233104,,,
,31,204,1262505429,,,13
5011,144,505,-1855936289,,,9
,144,505,-243645963,,,
,63,297,1640924904,,,
1420,101,348,-731753553,,,4
2216,75,473,-223456242,,,
4100,3,281,-1290063147,,,8
,54,237,-1473846347,,,
,86,306,-1384554677,,,3
4100,64,253,-1892374104,,,
5100,47,484,1659155795,,10,
,39,372,-342640473,,,
,150,513,1451158029,,,
,86,306,-1902145445,,,
3029,28,,51,35,,13
3084,27,434,1779240593,35,,
,27,436,515924947,35,54,17
,27,,49,525,,12
4226,27,,50,420,,
,30,,50,43,,
,30,,51,33,,
,30,,53,46,,16
,130,,49,41,,
,130,,50,60,,
3008,130,,51,47,,19
2052,130,,52,39,39,
5065,130,,53,16,,
,,,-782852435,383,78,
4092,,,19363713,98,,0
,,,-455336716,772,,
3059,,,-701912193,322,27,
,,,1470367990,528,,
,27,436,1869234675,35,79,12
,27,198,980610447,35,53,4
6011,27,434,385125649,35,,
5013,27,,53,385,,
,26,,51,140,,
,26,,54,175,,5
6084,26,,55,70,,
2058,26,,56,70,22,10
,26,,57,70,,
,26,,53,70,,3
,,,1151373347,,62,5
,,,-2013703520,,,2
2008,,,1151373343,,,
,,,1118635102,,,
,,,1151373345,,,1
3052,,,-333197670,171,,
,128,440,-1185349513,35,,
,128,440,-974655625,35,,
,128,440,-1591144457,35,,
4211,128,441,-439353384,35,,
,128,441,468224344,35,83,7
,128,441,678918232,35,76,
,128,441,62429400,35,,19
,128,442,1214220473,35,,
,128,442,1716003257,35,,
3038,128,440,613692215,35,,3
,128,440,-1874176489,35,59,19
,128,440,143615991,35,,
1407,128,440,-1145412457,35,,16
,128,441,-220602632,35,,
,128,441,508161400,35,,16
4206,128,442,-374127367,35,,
1429,128,442,-1962475207,35,15,3
5091,128,442,1432971225,35,,12
5081,128,442,-2133232039,35,,
4054,128,442,-779922311,35,,
,25,,49,196,,
,27,198,-782944180,35,,12
2042,27,198,1037868749,35,,
,27,437,-2041782796,35,,
,27,436,1187596403,35,,
4032,66,346,1567295720,35,,
,66,346,1826091104,35,55,
4008,130,454,-300653130,35,27,6
,130,455,1982002679,35,,4
,74,,49,,48,1
,48,,49,,,14
,6,,50,,73,0
3062,32,,49,,,
1300,14,,49,,,
2214,74,,98,,,13
,75,,49,,85,
,57,,49,,,3
5048,54,,52,,32,
,145,,49,,,
,147,,49,,74,
,71,,51,,72,16
2064,63,,51,,,
,128,442,-844203591,35,68,
,128,440,207897271,35,,
,128,443,-1637866854,35,57,
,128,443,-73863238,35,85,8
,128,443,-1662211078,35,,
,128,438,-854823979,35,,18
,128,438,142247413,35,,
4042,128,,52,61,,6
1422,25,325,2020121909,35,,6
2202,25,195,546596744,35,,1
3026,25,196,1269237291,35,,
4066,66,,50,240,,3
,25,,51,89,,6
,29,,52,16,,
2099,29,448,-1666394922,4,10,10
3082,129,,50,35,,9
,129,,52,35,,12
,129,,49,35,57,
,129,,51,35,94,
4206,129,444,-1429599500,10,,11
4241,129,446,84808032,10,28,
,129,445,1357193471,10,91,
2002,129,445,454185954,10,,
2082,130,455,984931287,35,,
3059,130,456,645925048,35,,
,130,456,-1274664168,35,,1
,130,457,-1663227015,35,,8
,130,457,975738169,35,,17
,30,452,-1421646438,35,72,
,130,455,13419543,35,,
,130,455,-1907169673,35,44,
,130,456,267513208,35,,
1200,30,451,-1287659391,35,49,
2209,66,343,-1854994483,35,45,19
5002,30,,98,,,
,66,,98,,,18
,151,,50,,78,10
,66,344,533565090,35,,16
,135,481,-1971064136,,,
4061,135,481,-1087830632,,13,
,4,290,-891817240,,,10
,67,256,-878562825,,75,
3032,18,183,-1298792634,,,
3091,41,220,878473309,,,4
6044,131,458,883967921,,,
2231,106,356,-1181021388,,,
,103,351,-353463252,,,
,9,170,334450225,,,3
,30,450,2125207482,35,,5
,130,453,-919350091,35,,16
3228,130,454,734223766,35,,
3219,130,454,-1996739914,35,41,
5212,66,343,1874280789,35,,10
5224,66,343,321071223,35,43,
,66,344,-1208731476,35,,
2216,66,344,-1837505800,35,19,15
,106,356,-1154239279,,,12
6132,32,362,-555737902,,,0
,147,508,-1051222486,,50,
4100,65,254,-1465400518,,,19
,110,379,922482549,,63,
,22,432,-768125028,,,
,47,486,1331021048,,,
6131,30,203,-1737259786,35,,
6092,30,449,1245626839,35,,11
,30,449,1423572375,35,87,
,130,453,-587108715,35,81,
,130,454,-1514688042,35,74,
,66,343,-395543929,35,,18
,40,219,-1054825166,,,8
,17,301,-532351532,,64,
5081,63,299,-802880976,,,
2051,71,423,2147084055,,,
,18,188,-1471499748,,,
4216,64,250,-1486022645,,,18
4042,40,217,-588002706,,13,
,17,303,-1552763862,,79,
,40,219,-1942015825,,,
,19,189,-2083514294,,,18
,126,421,1014665499,,43,
4209,120,396,1794685197,,,3
,17,301,1996223952,,,11
5042,17,302,-182664411,,,
2069,134,478,500405783,,,
,77,374,-173154410,,,
,18,186,509873242,,42,
,101,348,-730830032,,,16
4066,128,438,676431285,35,,8
6034,128,443,-1792162694,35,43,
,128,443,873651546,35,55,11
6029,25,325,1816484403,35,49,
,29,200,-1529678443,4,96,
2072,29,200,-2016215659,4,,
4051,29,201,1194944215,4,,
,29,201,-12821065,4,,
,29,448,123895414,4,,
5221,100,341,1432492375,10,,
2059,27,436,1026459123,35,,1
,29,202,-425380872,4,,
6039,29,202,1640752792,4,,
,29,448,562438710,4,72,1
,29,448,1833443478,4,,11
,29,200,-2040212619,4,46,9
3234,25,324,-1641244718,35,11,
,30,203,159332470,47,,
4206,30,452,-1147084262,59,,15
,95,335,-781287329,253,,
5099,95,335,-766538713,277,,
1100,66,343,107933595,162,,16
2212,66,343,-2137840495,131,33,
,66,343,-1416612221,37,71,2
2074,66,343,318627723,106,,
2100,66,343,632580985,200,,
,66,343,-647282691,68,,
,66,344,695909720,162,41,
,66,344,1044099236,82,76,
,30,203,-89441602,35,,6
,30,203,1714931958,35,90,
,30,449,-2047724425,35,,
4091,30,449,-1493740969,35,29,11
2056,128,438,-1519653995,56,,
,128,438,854724085,61,,3
,128,438,-676878443,35,,15
2086,27,434,1503744529,35,,7
,129,445,-989230817,10,,14
4100,66,347,-1060340277,45,,8
,66,347,416104283,35,,7
,66,347,-1570874423,35,69,
,66,347,-1312079039,35,,
,66,347,-1822613185,35,,9
2226,66,347,350782683,35,17,
,148,509,602854541,,86,6
4081,14,175,-1768389606,,,14
5069,84,291,-618653537,,,12
5243,67,257,856475562,,42,11
4061,133,472,291388593,,28,18
,47,485,-557590921,,76,6
,54,235,817726355,,,10
4039,103,352,1257786648,,,
,103,352,236718356,,62,
,105,354,-2034068296,,,
5072,88,312,-1940975377,,,
,116,391,-309387368,,,7
6091,81,408,269871696,,42,0
,64,251,-1324059462,,,
,71,425,-859222535,,,
,103,351,1891387317,,62,5
,102,349,-2075596122,,,2
,20,190,1082617712,,95,18
3202,45,225,-532284332,,,
,17,302,1115320816,,,0
4039,47,485,-1732607849,,,18
,63,299,1160047102,,,
,51,402,-1768115651,,,11
5211,77,375,-182953589,,,
4029,40,219,-1352475310,,,
,40,218,730260272,,,
,77,377,2130640717,,64,19
2013,80,283,-1962841088,,,
,115,387,-1936554020,,,
4013,3,286,2137340054,,,
4224,35,212,-1417197522,,30,
2008,104,353,792466484,,,
,150,514,1023604170,,,14
,127,427,-1946365323,,,
,6,413,1890134778,,,
5056,67,269,-2026707463,,,16
,71,422,-1622180074,,,
,96,336,831925328,,,
,35,210,266800717,,,10
,145,506,-94648115,,55,9
,82,495,-1238265387,,,12
3092,64,250,-1847177287,,,6
,40,218,-1364409219,,98,18
,105,355,-52783735,,47,
,40,217,-487574355,,94,
5091,3,286,-134855307,,,
,47,484,1573268342,,,
,82,285,1650182981,,,
5052,65,264,-1765664647,,17,
3076,17,302,89353534,,,
,53,233,-509349616,,55,
4241,53,233,-1996955664,,38,
,35,210,-964961523,,58,
3044,79,398,-1169691978,,10,
6013,127,428,-1686559146,,,
5026,35,211,-970193184,,,
4228,65,264,1175992921,,,
,139,499,1770601649,,,
4221,65,263,1799215800,,32,4
,17,301,1786754970,,71,
,139,500,-1705888862,,,
,105,355,1399610197,,,
5226,35,210,1971464415,,,2
,67,257,-651076248,,,4
4228,134,478,1310432983,,,
,6,412,1257629273,,,17
,74,468,415417431,,,11
,134,479,-98850952,,75,
6088,38,215,76732591,,,1
,87,309,1930892046,,,
,45,225,-156194416,,95,
,64,253,450919334,,,14
,47,278,1978899300,,,
,20,311,-1895772942,,,11
,17,302,1763177120,,,
,40,218,-1440470703,,,
6132,68,357,-702054010,,20,
,79,490,1382372469,,,19
,77,376,-777529448,,,
,124,405,1564494385,,,
,3,164,-1194443049,,,
5074,151,516,750383851,,15,
,40,218,1494379853,,,
3211,134,476,903087923,,,
,41,221,186040670,,,14
5232,134,477,-1817998090,,23,11
,75,473,-23052185,,53,
,81,407,-887848978,,,
3029,35,363,1063900873,,,
5216,40,218,1123103614,,49,
4072,17,302,-352505486,,,16
4226,6,412,1343516726,,36,
,57,241,-1060725939,,46,
,133,472,2126164183,,,
3086,37,214,-1109504170,,,
,41,220,763308509,,,2
2219,18,186,972306132,,,
,68,357,-498416504,,64,8
6026,72,266,-1758365432,,,
1433,22,430,-729305862,,,
2100,126,421,-1813501445,,,6
2086,139,500,1488484266,,34,
5002,71,426,-72073926,,,
4084,3,286,833586934,,31,
4062,22,433,-575648451,,39,
,134,479,1489149624,,86,
3228,13,174,1601747761,,,6
6042,5,179,192702541,,18,
2100,75,474,-2102816401,,,19
1423,3,163,1116292180,,45,
2224,47,485,-1910900649,,39,
,17,301,1616913895,,,11
3048,127,427,1011579605,,,
3221,106,356,-1156086321,,,
6011,27,437,-2121149548,35,38,
4202,27,434,-927378863,35,,
,34,208,294070006,,40,16
,133,470,-1638008834,,,17
6086,138,497,1581524596,,,
,68,358,454743143,,,
2219,134,477,-488685322,,17,
,16,181,427383573,,,
1428,64,250,-1487869687,,,11
1413,103,351,157070894,,,
4026,81,409,915211182,,33,
2068,6,412,1372145877,,33,
2206,21,191,1432835028,,,19
,74,464,-2069815565,,,6
3214,81,407,-886925457,,16,0
3224,18,185,821347323,,34,
,141,502,-620946674,,,0
4211,81,409,1144720820,,26,
,55,238,1447114936,,,
2243,65,263,344056344,,,5
4076,139,500,-1704041820,,,
2059,3,163,1351330292,,40,
,94,323,1943481696,,41,
,85,304,1522921101,,,
,17,303,-1033128090,,51,2
,109,369,-1635758001,,,
,151,515,-403642739,,,3
5013,32,205,-1831888303,,,
6211,54,287,-1602397661,,38,6
,22,432,-235079524,,,
,20,311,1919767458,,53,16
,82,494,-1267546782,,,13
,3,281,298284693,,,
5221,61,246,-559798548,,27,16
,65,264,1386686809,,,
,81,408,-242509492,,,5
,16,294,-2062614442,,,13
1407,111,380,1283583839,,48,
5019,120,396,854348781,,,
,75,475,1089548688,,,16
5243,81,407,90366371,,38,12
,22,431,-1532415045,,92,15
,63,296,-1098345349,,,
,20,310,1133863561,,,8
4056,10,171,151711072,,20,14
,109,367,204135431,,,1
,55,288,-734176727,,,3
,106,356,-1153315758,,,
6034,53,492,413422546,,14,12
,55,496,-1884220710,,,
,83,289,-571813526,,,14
2100,139,500,-1319967557,,,
,151,516,749460330,,42,
,88,312,-1945592982,,,
3208,54,287,-1510190173,,35,
5048,7,168,-480605862,,,
,77,374,478391792,,,
,153,518,243972134,,85,
,41,220,-922704395,,,
3211,81,408,-241585971,,,
2211,64,251,-1662445734,,,5
6213,3,164,-1807806505,,,
,70,260,1138965267,,,
,47,485,1743580855,,88,10
,22,431,1197962619,,,
,81,409,1424821807,,,
,128,438,1474629684,,,
2076,26,333,104782165,35,,
,26,327,-1161314737,35,,
,41,220,-46038117,,,
,49,229,-2031588847,,,
2206,3,164,799699735,,,9
,126,419,292589753,,87,0
,53,233,183348208,,64,13
,71,425,1467508889,,,
,124,405,-807400473,,,
,66,343,-1852223920,,,
,17,302,1705918818,,74,
,39,372,678427819,,70,6
,81,408,-1528142712,,64,3
,105,354,1067300452,,,
,47,484,-622816938,,72,
,17,302,-323876335,,,
5026,45,225,-1964866422,,18,
,122,403,1508620404,,,
,17,302,1734547969,,,
,89,313,-1817575008,,,6
,39,216,746336464,,,
3044,121,399,571418797,,45,
2100,17,302,1000804212,,,
,102,350,101345802,,,9
,140,501,-225236435,,,
,30,265,1678954855,,,
2241,81,409,1426668849,,,
,3,164,1798333815,,,2
1420,47,484,-290575562,,,
,17,301,255665372,,,
2044,79,490,-562560971,,,
6100,81,409,1134919173,,,
,150,514,-1280801513,,57,
,134,479,1254458776,,,
,86,307,510464756,,,
5066,131,458,-1196062316,,,2
,22,430,-1346141958,,,
4243,40,217,948603869,,,0
,12,173,-166078308,,41,
,35,364,297458700,,73,0
,5,166,1980298665,,,
,103,351,1122057787,,81,
3099,6,414,1542029883,,,15
,35,211,1879353124,,,
,64,252,-195343673,,,
,17,301,198407070,,,
,5,178,698261166,,75,17
,5,178,2094867066,,,12
,96,336,835619412,,,1
,17,302,-874887235,,,12
,81,409,916134703,,,7
,7,168,-828068782,,,
2029,54,237,1824049557,,48,11
5076,138,498,1199662689,,45,
,87,309,651028370,,59,13
1434,133,472,2097535032,,37,9
,17,301,758598819,,,
2019,130,456,-630761609,,,0
,77,277,-1856325939,,54,
5074,150,514,-1744465182,,,
,134,478,524055479,,,
5056,71,426,1613247706,,,1
,107,365,-1952334030,,,5
5232,55,238,-1209055080,,,
,40,219,-1121330990,,,
,81,408,-2039963936,,72,
5065,55,496,1954805722,,,
,64,250,-1997480312,,99,7
5056,97,338,570075527,,12,
,124,405,2049121649,,,
,128,438,1225206258,,,
,26,327,370287701,35,,2
2224,128,438,1167947956,,17,
,28,199,691104216,35,,2
2028,27,434,611412369,35,,
,39,372,-478661611,,,16
,81,407,-126499591,,,10
,129,444,1512058098,10,,
3061,35,363,-1353054007,,,
3226,18,305,1607854169,,31,
,17,302,1849064573,,97,3
,81,284,1446027836,,,12
,22,430,1749811450,,,
,41,221,1229723838,,,
3058,17,182,299657994,,,6
2214,53,492,544967506,,,
4086,152,517,1069562674,,,11
3226,65,254,811079770,,10,
3211,41,221,-355600726,,,
5054,47,227,1710332085,,,13
6062,101,348,-735447637,,,
3214,40,218,-985829935,,,
3054,53,491,166440305,,,14
,134,476,564707541,,,9
6100,144,505,-1985019008,,11,2
2091,48,228,-895025938,,27,
,50,230,-1350558174,,54,10
,80,283,1084072128,,,
2212,68,357,-1040057900,,47,
,47,486,1663262424,,,18
2032,77,377,898254991,,,
,135,481,735555320,,,6
,144,505,-1854089247,,42,
3234,6,412,1314887575,,,6
3044,155,522,825448078,,,
,151,516,753154414,,,17
,105,354,1068223973,,,
,104,353,-8559474,,,
3054,74,271,1373253668,,,
6028,65,254,-874471334,,19,15
,134,477,21848854,,,18
,147,508,308894254,,,
,61,246,-1928401825,,,
,66,255,2131355400,,,4
,75,475,2115249231,,,8
,22,192,813703730,,,
,109,367,-220077035,,,
4044,71,425,-120838951,,49,12
,40,219,-1276842254,,,
2216,19,189,-276059831,,,5
3224,39,216,-1552748462,,,7
,103,351,-668340035,,,5
6034,40,218,701631121,,32,19
,122,403,1651766159,,,
,47,484,1601897493,,90,
,68,357,-18989608,,,
1422,3,163,1879071865,,,
,83,289,561578915,,59,9
3028,35,364,-1373912021,,,10
2032,53,282,-476400831,,,
,80,283,-508124416,,,13
,112,383,-2042958479,,,
,88,312,-1941898898,,,2
,11,172,-1283979004,,,
3232,26,333,51655947,35,,
6062,26,328,587449900,35,,
,26,197,-1250354615,35,,
,27,198,-2013673232,35,,3
,27,436,1617735571,35,,
,27,198,1009239598,35,63,
,27,437,-1448362060,35,,3
,27,437,-2020729260,35,,15
,65,263,-574618474,,,13
2066,54,234,-1831356206,,,3
,77,374,-34912917,,,
,152,517,-1507456796,,91,
,65,263,2103371831,,,7
,20,310,-1271442021,,,
,137,489,-1214180309,,54,11
,64,252,1946507643,,,0
,81,409,1071560297,,,
,61,247,-1526263118,,56,
6132,27,437,2055377588,35,28,
4089,39,216,2019143518,,,
,63,297,874622172,,,13
,5,176,-1581785862,,86,
,75,272,-1443548929,,,1
,75,272,-446477537,,,
1500,139,500,33637141,,14,9
4061,5,178,-722303878,,,17
,151,515,-407336823,,48,
2209,81,407,-1397459603,,,3
,35,364,1802783659,,,
,126,417,-2090692873,,91,15
,39,216,-126397386,,86,
,47,486,-2023967432,,,6
,35,211,1767745262,,,6
,39,372,-1339658137,,,14
,133,469,1589803158,,46,
,18,183,1716310986,,,
,3,281,1656923125,,,17
5224,134,479,-1711195752,,,
6076,55,238,-849583592,,13,
,47,278,1921640998,,,
,54,235,1107527930,,88,1
,77,374,475621229,,81,6
3100,63,296,1984622939,,,
,41,220,1007556028,,,
5019,67,256,-103740707,,,9
,17,301,-348042204,,93,
,3,281,1261309301,,,15
4100,59,244,1963736337,,,16
,79,490,1714613845,,,
2091,39,372,1188961965,,,13
5058,86,306,-2122776957,,,
3086,40,219,-1567062990,,10,1
,35,212,120943785,,,16
5042,40,219,-1745502320,,15,
,66,255,-802871328,,,
5228,40,217,-1614970448,,42,7
6046,63,296,-261151151,,,13
,67,269,-2050945239,,58,8
,53,491,-1815613871,,40,
,17,301,227036221,,,2
3013,112,383,-643490665,,,
,17,301,1973151271,,,9
,17,301,740123280,,,
2056,152,517,-293225180,,12,
,139,499,1773372212,,,
,71,422,-268870346,,42,5
,135,482,-787566503,,84,7
,8,169,-605415663,,,
3076,150,513,252306897,,20,11
,128,438,506187443,,,
,129,444,67959890,10,49,19
,100,341,-436384741,10,40,15
,27,435,215660818,35,,9
,137,489,-1411987221,,,
,46,226,-1546053998,,,
,26,329,-1704095279,35,,
2211,72,266,-1553804405,,,
,150,514,569416902,,,
2100,149,512,-245367797,,,
,14,175,-129245346,,,
3065,81,284,1417398685,,,
,54,234,1879523346,,,
4212,17,302,-2054560451,,28,14
3092,17,182,-1109653751,,47,17
,63,297,102952160,,,
2056,35,209,301839114,,,
5065,17,302,1352903164,,,
5088,25,196,1030065377,,22,6
,40,217,45128656,,59,
,75,473,-166197940,,,7
6086,86,308,319489588,,15,
,54,236,714271218,,,
,21,314,-425471439,,55,0
5038,81,408,1257985696,,,
,14,411,-1516647909,,44,
5004,67,256,-2066668785,,,
,65,264,-1376677959,,,
,103,352,1338774388,,65,
,17,301,-1345114556,,53,
2209,40,218,1803161984,,,
2100,68,361,-1390900986,,,
,61,246,-1916456432,,,
,40,217,-1514590033,,,14
,5,176,-39393224,,,
,80,283,-112067808,,,
2100,65,254,560650692,,,13
,68,357,-757211888,,,
,134,478,-164424233,,,
,1,160,1742694486,,,
,64,253,451842855,,,
,75,473,-108939638,,,
,135,482,-317490279,,,
,126,420,-1327735334,,,16
,44,224,822549065,,,16
4224,5,177,-35429261,,37,
,17,303,-1924638997,,,
,68,357,-497492983,,,
,147,508,2116348717,,,
,77,376,1637091352,,72,
,75,473,2105997421,,,
2026,6,412,-1765117831,,22,
,109,368,-336086936,,,
3066,51,400,-1263187221,,,
,132,460,1605752660,,,
3069,86,307,1532456569,,36,
3039,105,354,1577834598,,21,14
,116,390,-988645679,,,19
,134,477,1375505846,,,
2100,139,499,1769678128,,,
,135,480,2023639031,,96,6
4100,71,424,-1344617448,,,
6068,5,178,-1323620424,,,9
,109,370,-471557328,,,7
,86,306,350685267,,,
,44,224,-1924560171,,,14
3039,99,340,-174924238,10,,
,27,435,-1980424462,35,,18
,27,434,-1357170767,35,,7
4044,88,312,-1944669461,,,
,60,245,1646556452,,86,
4100,65,263,721432952,,,13
3228,57,241,-945110958,,,
,122,403,1623137008,,68,1
,134,477,248135574,,,
5008,54,234,1264249938,,,11
5084,74,464,1502824339,,,
4100,27,198,-964903440,35,,
4234,40,217,-934912078,,,13
,63,295,834882408,,,8
5241,71,422,412767926,,20,
3004,3,164,-1706292969,,,
,75,272,1936651935,,,
6218,134,478,2105214615,,,
,120,396,-1299830835,,,13
,54,235,-1379984903,,68,
,3,164,-2049992649,,,
,103,352,-388061700,,,
,131,458,798080468,,,
,53,282,1216825057,,,
,150,514,568493381,,,
,65,264,1840475673,,74,15
,47,278,-1919537434,,,
,127,427,2032647957,,,16
,3,163,-1491984161,,,16
5051,64,252,-705877819,,,
,22,431,-506714502,,,6
,75,473,2134265326,,85,16
,57,240,755472243,,,0
,88,312,-1939128335,,,
,17,301,1647271946,,,11
,116,391,-1079921326,,,1
,52,232,15405052,,90,3
1406,17,302,1086425886,,,
,1,160,737842874,,58,16
6074,73,268,-223081310,,,9
,120,396,-1076454867,,,
,35,210,1466161869,,45,14
,75,473,533664634,,,
2088,68,360,-1322992341,,,
,40,217,425204662,,,15
,124,405,-1213623572,,66,16
4032,71,426,-736903942,,,
4099,139,499,1777989817,,28,
2084,138,497,1792288667,,,
,134,476,-1453432203,,88,12
4002,10,243,1781095477,,,
,134,479,-253494056,,,
,21,316,380571057,,,
2039,74,466,-2039601739,,,17
6100,86,306,-1612242811,,,13
,17,301,2086990299,,,
3243,54,237,-476774955,,12,0
,67,270,2125838328,,,
5241,124,406,1872879764,,,
2099,106,356,-1157009842,,,
,134,479,898220440,,,
3019,18,305,1636483320,,22,1
,107,365,1117927468,,,
,26,330,972362934,35,,11
,26,330,-479961694,35,,
2089,28,337,-1840036870,35,22,12
,129,447,-352252832,10,,
,27,436,855355027,35,,16
,27,435,1804008658,35,,8
,53,491,629022929,,,
,17,302,408611167,,,
4039,40,218,2054940849,,,3
2088,40,218,2034013392,,35,9
4241,81,409,1033182695,,21,
,24,194,2134587764,,45,13
,17,301,148847702,,,16
6082,17,303,-1125698113,,,
3069,54,234,412722994,,,
6218,3,281,1651594421,,,
,74,467,-926452938,,,7
,3,162,-747825446,,,
,53,233,-891871812,,,
,82,285,-2127919099,,,
,86,307,511388277,,,3
6068,75,473,2077368270,,,
,53,282,-1136347583,,58,
,39,216,-1551824941,,,
,53,492,573596657,,,9
3042,96,336,833772370,,33,0
,127,427,2061277108,,,
,39,216,1508609372,,,2
5092,86,306,154104383,,21,
,146,507,-132625058,,,
,67,269,-1998078312,,,
3231,39,372,-1111970003,,,
5216,81,284,-1933123330,,,
,62,248,-1134817046,,55,10
6122,67,270,1927690906,,43,
,134,476,2143956725,,,11
,109,369,-686841593,,,
,139,500,37331225,,,
,40,219,1797231634,,76,
,74,271,-466949532,,,
,71,426,-1237241062,,,
2008,40,217,-1382249801,,,
,144,505,-240875400,,96,18
5214,77,377,-58172935,,,
4048,98,339,-319779150,,49,
6091,5,177,-1452703143,,13,0
5019,21,316,-1354668887,,32,7
,71,423,1450853687,,,15
5008,47,484,1184281654,,49,0
,21,315,-258635328,,41,
4048,87,309,423340236,,,
2219,17,182,1147579567,,,12
,81,408,268024654,,,
,5,293,-727823104,,59,
,3,286,670192438,,,1
2013,57,241,-760837854,,,18
,17,303,348810759,,,
3072,150,513,1244521403,,17,
4064,144,505,-241798921,,,3
3061,47,227,828324053,,14,7
6013,144,505,-1856859810,,29,
,75,473,-51681336,,49,2
3048,3,162,-1031528493,,42,
5072,6,412,2140862777,,28,
,40,218,814321483,,,
,123,404,785410295,,,
3028,17,303,1017018601,,,1
,3,162,-1266566605,,,12
,128,438,477558292,,71,
6131,25,324,-1381525813,,,7
4219,26,330,-1634145876,35,45,4
2054,100,342,720412412,10,,
,27,198,1123756202,35,,
,27,434,311572081,35,71,8
5222,27,198,951981296,35,,
,27,437,-326426764,35,83,
,147,508,-371164116,,,
,22,192,-284344967,,,
,71,426,-48076966,,,
3202,27,436,-1915198445,35,,
,63,300,-746905825,,,11
5231,20,311,-843597400,,15,1
,75,474,819836559,,,
,138,497,-388457989,,,
,18,184,1211382556,,,
4069,114,385,1650795161,,42,
4209,75,474,-535396018,,,
,47,485,1719583895,,,6
6049,102,350,-919722490,,,
6052,134,478,1829718551,,,13
,81,407,-637033737,,,
,122,403,1565878706,,86,
4222,116,391,-738234030,,14,14
,63,296,-1485856949,,,
,47,485,235975287,,,
,134,477,-497436714,,,12
,68,357,-1267746034,,,
,77,377,1822173561,,52,
3013,86,307,-1217718566,,40,
3051,55,238,-1190015368,,,
,35,364,-34782676,,,
3212,40,219,1763410956,,46,
2051,22,192,153495895,,,
5069,82,495,-670985899,,,12
2222,47,278,333293158,,,
,74,465,500866932,,,
3004,147,508,465346748,,,
,77,374,-1905442766,,,
,53,492,-257350094,,,14
,21,191,1974476424,,,
,109,370,2121072952,,61,
,22,192,268012499,,40,
,49,229,1338605458,,,11
3091,54,234,1541770226,,21,
,94,323,-616245656,,,10
,150,514,1025451212,,,
,127,429,23760023,,,
2059,134,477,1601445302,,,
,22,192,239383348,,,17
,81,407,-1398383124,,,
1425,5,177,-2001406419,,36,7
,34,208,892214458,,,
,11,172,-1974373468,,,3
,16,181,-1044721001,,49,
1425,135,480,-889389386,,,10
,36,213,1149157303,,,
3082,16,294,-790649252,,,0
,103,352,802410380,,,7
6072,31,204,-480304906,,,10
,133,472,-1688593476,,,
,71,424,-311991688,,,7
,17,302,-1871959587,,,3
,20,310,1582092123,,,
,134,476,874458772,,62,18
4072,68,357,-504549605,,,
,131,458,855338770,,,13
,67,256,720746701,,,2
5084,17,302,1820435422,,,
,138,497,1582448117,,,
,81,407,101188543,,,
3061,4,165,-1987920007,,,5
,101,348,-728982990,,,17
2052,26,197,536980345,35,,
4100,26,332,-1898639952,35,,
5029,26,328,1151135672,35,,
3216,27,435,-1137648910,35,,
,27,437,1407118260,35,,11
,3,281,2052536949,,,14
,134,479,1691439384,,,
5013,141,502,1883622800,,,10
,18,188,-1712068290,,,3
,35,363,1080002730,,,7
,130,456,-1627833001,,,
,17,182,1296730316,,43,
4243,63,296,-1258168815,,,
4011,77,375,-952283119,,,16
4214,118,393,914165300,,,
,77,377,1975683969,,,
,139,500,36407704,,98,
6052,131,458,-1167433165,,,8
,20,311,-1877342820,,,8
5029,134,477,-820926698,,48,
6029,5,177,1597247921,,,
3062,1,160,-1142503622,,,12
,3,286,1852745334,,,7
,40,219,-1939762318,,,
,23,193,456872217,,,17
,40,219,-636009198,,97,
,124,405,-2147087281,,98,2
6215,68,359,-1765617842,,,
,78,279,697991821,,63,
5051,104,353,1578200842,,,
3204,33,207,1065169335,,,10
,35,210,1930163679,,50,
,63,299,1708745120,,62,6
,35,212,1804152128,,62,
,77,374,476544750,,,2
,75,473,1142667644,,,5
,54,235,-1454469006,,,
,67,270,104304954,,,
,75,474,-312526065,,,
,63,296,1665019419,,89,2
,75,473,869381300,,,3
,54,236,2068896116,,,14
1300,134,476,845829621,,,
2076,54,236,2126154418,,,
,20,190,-166138714,,,
,17,182,-874615549,,96,
6212,75,272,265999135,,19,
,63,297,126316472,,47,3
,81,407,1153364085,,,
3066,144,505,-1984095487,,,
,80,283,-634534688,,,15
,64,252,-193496631,,,
,75,272,-2034825377,,,
,47,227,1223794869,,64,
,75,474,433046223,,82,18
,124,405,-1337740655,,,
6219,64,250,-227094311,,,
,21,315,959013848,,55,6
,67,270,-892766438,,,
,22,430,-398627174,,,14
4026,39,372,-341716952,,,10
5076,88,312,-1942822419,,,3
3221,117,392,-1186200268,,27,
3099,48,228,1218644404,,,
2212,109,369,1223706959,,,10
,109,367,639881429,,77,
,151,515,-404566260,,,
,75,474,490304525,,,
,74,468,-1687616221,,,18
,55,238,105106200,,,
4038,65,263,2074742680,,24,3
2061,129,446,1346105055,10,,
1429,26,327,1391355993,35,,
3008,129,446,-1218643808,10,,1
,5,177,262472985,,55,15
,17,301,-1220099755,,,3
6064,139,499,1776142775,,,
,47,486,860944824,,,5
5004,81,409,907231039,,,
,17,301,1849825793,,,16
,40,217,-1585074098,,70,3
,17,301,2062349059,,,
,109,370,-586690134,,,14
,35,211,-502365036,,,4
2100,22,431,-2046314725,,,
,150,514,-1309430664,,,
,105,355,-1560335545,,93,
2100,35,209,1721560222,,,8
,65,254,835423994,,99,13
,74,467,467051126,,,
,40,217,-1556444947,,,8
4100,66,255,-2105862111,,,17
,40,217,-2062308171,,49,5
,109,369,1108574153,,,
1423,139,500,600980585,,48,18
,103,352,1312944526,,72,
,134,478,1156137143,,91,17
6136,14,175,-994603685,,,3
,54,236,199104851,,42,
3074,115,388,-779756867,,31,
,53,282,-739848191,,,12
,17,182,1252192816,,76,
,126,419,1094907353,,,10
,77,376,-2041260056,,,
,3,163,-778785705,,,1
,17,303,490022683,,,
,3,281,-819986923,,,
,3,162,-1635329127,,,
4100,10,243,1755213871,,,
2054,139,500,35484183,,,
2100,103,352,-477453296,,,16
,101,348,-734524116,,,
4011,77,377,1361311187,,33,8
2228,18,186,-1931051706,,46,
4100,74,465,1617640116,,,
3026,139,500,-1706812383,,,
,109,370,1977507370,,,
3226,74,464,-113620365,,,10
,127,427,-479564971,,,4
,63,249,-1849326331,,90,
,39,216,-478369334,,,
3002,19,189,403998539,,12,
,54,236,2097525267,,,17
,66,343,-1624535786,,,19
,126,417,-186391017,,,
,35,210,777175482,,76,10
,3,164,1392977175,,,
4019,54,237,-1497843307,,24,4
,127,428,-2140348010,,,
,42,222,1046378139,,66,
4212,82,494,-2039630924,,16,
,154,521,-464472172,,,13
,135,480,1788600919,,,
,3,164,1772774167,,,
4072,47,227,1629589813,,,
2100,144,505,-1851318684,,42,14
,27,436,-326850605,35,,
,27,435,-798218830,35,59,16
5202,49,229,1752844303,,,8
,99,340,1283124722,10,,
,40,218,-461522320,,73,17
3042,75,272,1619308863,,,
,139,499,1778913338,,,3
,17,302,-417702613,,94,2
5211,31,204,-1289651532,,36,
3002,110,379,-1010990165,,,
,116,390,915249821,,,12
,96,336,834695891,,,
,134,479,1740995992,,,12
5208,153,520,1331577887,,,7
2206,17,302,1425935357,,,1
3058,55,496,560416090,,,1
,77,374,477468271,,55,15
,109,368,1502412142,,,7
,68,358,-393794893,,,10
,20,190,-1139105750,,48,15
,83,289,935738284,,80,
,75,475,-377817990,,60,
4059,3,162,1164556787,,46,15
,120,396,-173120883,,,
,75,473,-80310487,,,8
,17,301,1380958226,,58,
,3,162,-753897869,,81,18
,86,306,178155011,,52,
,17,302,1086691665,,58,
,109,371,-1647146291,,92,
6212,40,217,-254853708,,,7
,14,175,-1159300136,,,0
,39,373,1089946070,,73,7
,86,307,1531533048,,,
5061,6,413,-1286560902,,,
3204,151,515,-406413302,,,
,53,492,-1983706414,,,1
2065,64,252,-704954298,,,14
,7,168,1878550614,,,3
6028,5,177,-565199462,,,3
,16,181,-2076049359,,,
,21,316,-899292619,,,
4056,71,262,1259574919,,,16
,122,403,-562145451,,,9
,75,474,-575880823,,57,
,76,274,-79614465,,44,
,77,375,-1290249335,,,6
4002,40,217,1427067535,,46,11
6028,54,234,-2083202574,,39,19
,77,375,-6183731,,,
,119,395,-326735949,,76,7
1412,74,468,-1068191177,,,7
,5,178,-1109193297,,,
2100,103,351,-1634250449,,,
,40,218,2090634641,,,
,73,461,-130358895,,,
5202,18,188,-1974977272,,,9
,17,303,732421031,,,17
,135,481,2088865048,,,12
,77,376,204514034,,,17
3206,74,271,523413380,,43,
,74,271,2110296516,,50,
,35,210,-1934632667,,,
,133,470,-1734608199,,,7
,26,197,1323143379,35,57,7
,28,199,782661168,35,,
5100,27,435,-35838286,35,,
,27,437,-1899529036,35,,
6032,27,198,1066497900,35,,0
1422,27,198,1714014576,35,,
2039,13,174,1858565197,,,
,35,211,-1011493920,,,
6048,72,266,-1552880884,,,
,18,184,1665819194,,,
,106,356,-1157933363,,,
,3,162,1675090963,,,
,17,302,1009688798,,,
,54,235,-1483098157,,,16
,59,244,1654289483,,,
3091,74,467,976677270,,,
4219,54,235,-996560941,,,
,126,420,-1878727462,,75,
5206,138,497,1580601075,,34,
,115,388,-2059620543,,69,17
3231,3,164,493018007,,,
4064,73,463,2131723507,,,
,103,351,1380853171,,51,8
4100,40,218,-684350849,,,16
,5,293,-64722122,,,
2241,30,265,-1295451065,,,
,86,306,-80640373,,,
,3,281,-853796907,,,
,153,519,1705459651,,,
,88,312,-1943745940,,,
,40,218,443045244,,42,
,54,287,1786886883,,,10
2086,40,218,-313074610,,,14
,47,278,948566566,,56,4
,40,217,1628662239,,,
,122,403,1537249555,,,2
,22,431,-535343653,,,
6046,40,218,-936273327,,,7
6036,93,322,238342832,,,7
,18,183,1685203736,,,
3011,110,379,61841073,,,
,6,412,1286258424,,42,
2068,14,175,615707226,,,
2100,5,177,322304219,,,
2051,97,338,989016776,,,
,40,217,-559373555,,,13
3092,39,216,1029182476,,,
2081,133,470,-1129170046,,,18
3214,35,209,-1772698678,,,
5032,22,432,50998012,,,
,134,479,-1687198792,,,16
3219,47,278,-1198309370,,,4
,53,491,-2105677743,,,19
1600,67,269,-552197511,,,
2232,67,269,-1549268903,,,12
,86,307,-195726753,,,
5072,40,218,2005384241,,,0
4100,17,303,320181608,,,
,139,500,34560662,,,
2026,103,351,-1633326928,,,
,124,406,66550668,,68,
2052,79,280,51342504,,,4
5044,107,365,120909804,,,
,139,500,-1704965341,,74,
,81,408,-249566114,,,
,137,489,834399883,,,
4100,17,302,1058062514,,,10
5208,124,405,1234736111,,12,15
,106,356,-1149621674,,,
2081,40,219,484571666,,30,8
5059,26,326,6870706,35,29,9
2074,26,328,-2019058910,35,24,
,27,436,1646364722,35,,
6036,27,437,1277166644,35,,19
,128,442,2121798201,35,,2
5232,26,326,-1272992970,35,,
,26,326,1514422516,35,,
5092,132,459,1540526643,,24,7
3068,94,323,-843933790,,18,8
,145,506,-1611323987,,,7
1600,68,358,1420653557,,,
2076,40,219,1664815314,,,
4058,71,424,-225290792,,,1
3206,135,483,153610106,,,
2100,35,209,-1798642211,,,10
,14,411,1068771323,,,14
5044,133,472,-1659964325,,24,18
6013,54,237,-47330315,,,
,71,423,-1993587401,,,19
,21,191,-74716782,,98,
2092,10,243,-338771631,,,
5011,55,496,353285838,,,
,3,286,-328204234,,,
4013,53,491,268700337,,44,
1428,67,256,1557349207,,,
,75,475,2086620080,,,
2232,77,374,474697708,,,8
4065,40,217,1552600755,,18,
5061,54,237,-170093227,,,
,66,343,-1626382828,,,3
2208,127,429,-446316201,,,
,76,275,-6463696,,65,
,17,302,12616446,,,19
,131,458,-198990924,,,
3209,3,286,1150865558,,,
,108,366,-1204090696,,,
1429,139,500,-1707735904,,,
5064,17,303,-1097068962,,,
4100,6,416,-953048003,,,
2088,41,221,-100183906,,,
,40,218,1727331664,,67,18
,109,369,-1432120495,,43,16
,17,302,223132333,,,
5058,139,500,38254746,,38,10
,135,483,-1367189798,,,9
,33,207,1955648811,,,
,17,302,1790550016,,,1
6046,63,296,-1761646339,,,
3066,54,287,-2045497789,,,
3042,3,281,-2115134507,,,8
,144,505,-1852242205,,,
,134,477,-1153168074,,,19
4222,82,494,88316020,,38,15
6066,83,289,-1480557789,,,10
6088,126,418,-890907880,,,12
,103,352,-2076520186,,,
2232,133,471,-1917720549,,,9
5086,17,301,284294523,,,
5088,71,423,-268569129,,39,14
2091,103,351,1381776692,,40,
,49,229,-404204877,,,
,119,395,1352787473,,,8
,22,192,182125046,,91,
6213,3,281,1854730037,,,
5216,27,435,1832637809,35,16,
2038,27,435,-238128046,35,,
,27,198,360704848,35,,1
5058,27,434,-84603311,35,,10
,128,438,1139318805,54,,19
,128,438,448929141,42,63,
,128,438,1575952149,35,78,
,128,441,1797189848,35,,12
,25,324,-1382449334,38,,
,25,195,-1474320178,79,84,
,25,195,347184894,45,95,
,25,325,277825343,35,,13
5062,29,200,-1291721995,4,,
2038,29,200,153310229,4,26,17
6136,,,1901822383,80,47,
,27,435,-465977454,35,,
,66,343,-1627306349,52,,
,130,454,905876086,35,,
,130,453,-636665323,35,,
5226,130,456,-1656462152,35,,7
1433,130,455,1001392279,35,24,
,47,278,1950270149,,,
2100,81,409,-828008905,,,
4052,144,505,-1853165726,,,2
,17,302,1143949967,,72,
,142,503,-1736850869,,,7
,86,306,1168116053,,,
3208,134,478,1545471095,,,
4100,40,219,54380466,,33,
4004,53,233,-1506421008,,,
6084,65,264,665458745,,,3
3052,22,192,210754197,,,19
4051,77,374,480238834,,25,
,47,486,196462072,,,8
,16,181,352492277,,,19
,10,171,1413797597,,74,14
3011,47,485,-322552809,,,
,75,475,1118177839,,,
,,,-231839863,,,
1200,,,626095352,,25,
,,,-2032446907,,,
4068,,,1811893620,,,7
3241,,,1754493446,,,13
4219,,,1754493447,,44,17
,,,-988085090,,95,
,128,439,-1445676586,43,55,
,128,439,-1039881642,35,,0
,128,438,-166344267,35,,
4091,128,441,-2027701224,35,37,
,128,443,1894719898,35,56,15
,128,,49,287,73,
,128,,51,62,,10
4221,95,,50,315,31,6
,95,,49,54,51,
2004,25,,52,37,,
,25,325,-1709153363,35,44,
4208,25,196,-1494127567,35,35,0
,25,196,758703145,35,84,15
2072,25,195,-139298624,128,,1
,25,195,-1929696446,120,,
2100,25,195,1854736704,43,,14
2062,25,195,2137582716,35,,14
2099,29,,49,24,,
,29,,51,16,,
5068,30,,49,308,,5
2100,66,,49,331,34,
,66,,51,294,,
,66,,52,109,93,
,66,,53,91,,12
,30,,52,35,,
,,,-808167348,409,44,
6219,66,344,-1774423500,35,,
,30,451,-1538818375,35,,
2089,130,454,-1759860106,35,28,8
,30,451,1578368633,35,91,
,30,450,1237646552,35,,
,81,407,167121575,,74,16
,39,216,-1451336370,,,8
1413,73,463,2024157907,,,
,53,233,1119456176,,,12
,88,312,-1940051856,,,
6210,65,263,750062103,,,5
,2,161,608807078,,,
5084,35,211,-2016687858,,,
3019,29,201,-607571017,4,,
,29,202,85856056,4,,
,29,202,899980792,4,82,
,29,201,-1421695753,4,,
3056,30,203,356579158,403,,1
,77,374,481162355,,,
,54,237,-987309131,,,
5089,71,424,-781460617,,,13
,120,397,1401998574,,,5
1428,33,207,1542612275,,,3
6215,3,281,533322805,,,17
,86,306,-622281769,,,8
2100,5,178,532321612,,,0
,134,476,1585775893,,,
4068,3,281,-787270891,,,
4062,74,466,-1107794731,,,
,3,286,-1395593962,,62,0
,39,372,-805073363,,,8
,15,180,433897231,,,16
,71,426,2083802170,,,1
,63,299,-1313415122,,56,19
,86,306,-874020531,,,
,113,384,-2051762878,,80,
6218,65,254,-22310332,,,5
,17,182,-1052395449,,55,
2234,64,250,1450718617,,,
,69,259,320816442,,,
,18,186,-23124548,,,
,133,471,788898847,,57,
,54,234,-1104027430,,,
,124,406,-1472108392,,,
,13,174,2067442173,,,
,133,470,-1100540895,,47,
,54,236,657012916,,67,7
,138,498,971051034,,70,
,64,253,1471987626,,87,16
,3,164,-1165813898,,,14
3088,2,261,2109751623,,35,13
6066,17,303,-50521662,,35,3
,46,226,-2123271456,,,
4216,90,317,1081987766,,,0
,17,301,429892806,,,
,3,164,-788648105,,77,
3008,150,514,-473746760,,23,
,150,514,1024527691,,,12
,81,284,1671454302,,,
,5,166,1587271655,,93,
,153,520,1330654366,,,
6032,6,415,1096721724,,,
,133,471,-1408881761,,,18
,47,484,1062734166,,,
,20,310,-2080879851,,,
,35,210,1142965451,,59,14
,53,492,-796000431,,,
,53,492,-824629582,,,7
4019,142,503,70603594,,,13
,40,217,192484015,,,
,81,407,-888772499,,,6
2100,71,423,-1322083433,,,
2100,71,426,-95893318,,,
6092,14,175,-1904252708,,,7
,57,241,332803572,,68,
,153,518,-1563482329,,,
2226,124,405,1338533389,,,
,68,358,1427710179,,,
5039,52,232,-1799743410,,,17
,65,264,904781784,,71,
3019,66,343,-1854070962,,,
,3,164,-2141957833,,87,
,110,378,684274122,,,
,109,367,319268237,,,8
,74,466,-1101439947,,90,16
,54,235,-1425839855,,41,1
,134,476,1115699669,,,16
2058,35,212,-24742207,,,
,65,264,1517532185,,,13
5099,16,294,928599734,,,0
4100,67,257,-909871632,,40,
5219,33,207,1924541561,,,13
,110,378,-1636597476,,,
,75,475,2126271292,,70,
,120,397,1137665646,,63,
,102,350,-409188344,,,
6042,139,499,1771525170,,,
,6,167,-469255596,,,
,75,475,804057014,,,
,54,235,511044627,,,
,136,487,-1153636432,,,
2100,68,357,1544643601,,,3
,3,164,2088188663,,,
5068,102,349,-1055451351,,45,0
,57,241,-511608274,,57,
,39,216,-1553671983,,,
,,,-120434749,,60,
,,,-41968432,,98,
,,,329751999,,,8
2038,,,2125949607,,32,13
,,,1947188396,,66,8
,,,-1401964337,,,4
,,,-1179388230,,,
,,,-1827087240,,,
,,,88136909,,,2
,,,1619264249,,89,
,,,1376643076,,89,5
,,,2125091249,,,15
,,,440122972,,,16
,,,331807578,,,
,,,-32575342,,,
,,,-1955580592,,77,6
,,,1273523341,,,
6062,,,-34573838,,,
,,,-1057481049,,98,
,,,-172352130,,,
2241,,,1882747635,,25,
5208,,,-635391544,,,2
2058,,,-1058900144,,,
3038,,,-1825612116,,15,
,,,-1802620588,,,
,,,-1624373462,,83,1
5206,,,-406971774,,,13
,,,-95267775,,,
,,,515568925,,,10
3076,,,-1843314022,,14,
6122,,,-2099256203,,,16
,,,-1756730789,,96,14
5091,,,1507590780,,47,3
,,,-1003116225,,,
6213,,,-1238794107,,27,15
,,,-1532200910,,,
,,,1070222657,,78,7
5234,,,1118635103,,,1
3058,,,1222469138,,,
,,,1151373344,,,4
,,,1641540842,,,
1412,,,1347057256,,,19
2028,,,-1588335293,,21,
,,,183601856,,98,
,,,-1943417329,,80,
6056,,,-1893802132,,21,2
,,,659477759,,,
,,,1199615552,,,13
6217,,,1226099539,,10,
,,,616455724,,,
2202,,,13839371,,10,4
,,,-1208116471,,,
,,,2024456114,,,
,,,404160779,,,
,,,174844834,,,5
,90,,49,,,
6072,,,-291535041,,,18
,,,-291535038,,,
4068,,,-291535040,,24,
,,,-291535039,,,
,,,-75400252,,,17
,,,287016749,,72,
,,,1112366569,,81,
,,,-341251749,,,18
,,,724073785,,,12
,,,-509326003,,,14
2044,,,210589228,,10,18
,,,-268471313,,,1
,,,544963748,,,
,,,940779914,,63,12
,,,-639617766,,,
2065,,,-238571330,,24,
,,,-1711408154,,,1
1412,,,-1945399874,,12,17
2100,,,1751733118,,,
,,,1764511598,,,
,,,-388809099,,,
,,,-1840930314,,,11
,,,1213830903,,68,
3028,,,-1289143819,,,18
2208,,,1426093989,,,13
3209,,,1344623043,,22,
,,,-354190824,,72,19
5076,,,-1813630214,,,
,,,-1067047632,,,
,,,-287801143,,,
,,,1079639822,,91,6
,,,-1299525223,,56,
6044,,,-1591508288,,,
,,,-1361164408,,,
5008,,,-1794426234,,,
5088,,,-1136369373,,,
6024,,,-516171668,,,2
,,,2125091250,,,4
,,,918849186,,66,5
,,,-1072770194,,,
4204,,,-1286652604,,43,
2234,,,-13124596,,,9
,,,-1823191314,,,14
,,,-1684686051,,,
4214,,,1881676764,,,11
,,,-481245076,,45,
,,,1068349493,,,
,,,-749101964,,,13
,,,269381568,,44,14
5066,,,-231572511,,,19
5209,,,-764849004,,,
,,,869614765,,,
4058,,,-332128903,,30,
,,,1344961139,,,17
6211,52,,49,,,
6019,37,,49,,,7
,111,,50,,,
,146,,49,,,
5062,61,,49,,,9
,153,,50,,,
1427,68,,98,,23,
4226,116,,50,,,
6136,135,,49,,,
,61,,50,,,17
6051,77,,51,,,19
,150,,50,,,17
,68,,51,,,1
6212,80,,98,,,
,35,,52,,51,
,46,,49,,,
5062,126,,49,,,
,91,,49,,85,13
,131,,49,,66,14
,77,,52,,,
,97,,49,,,4
,81,,98,,99,
,45,,49,,,
5234,85,,49,,,
6068,54,,50,,,
,76,,51,,67,
,24,,49,,,
,148,,53,,45,1
2044,63,,49,,,8
,18,,54,,,
,81,,49,,74,
6074,22,,50,,,4
,5,,50,,,
,79,,49,,,
,113,,49,,,13
3068,67,,51,,,10
,115,,51,,,19
4100,103,,50,,,
4059,76,,49,,27,
,35,,54,,41,
,135,,50,,78,
3062,141,,49,,,
2089,82,,50,,,
,121,,50,,,
5086,78,,49,,,5
,148,,50,,,2
1425,32,,50,,,9
,14,,50,,,
4028,68,,50,,,
,11,,50,,51,19
,89,,50,,,
3052,63,,53,,,
,105,,49,,,8
,35,,51,,64,9
,67,,52,,,19
,26,,52,105,65,
,,,-1251075616,,,
,26,,50,140,73,
,,,1946396136,,,
4002,63,,52,,,8
4232,73,,51,,,
2029,73,,98,,45,8
,31,,49,,,18
,135,,52,,,
,122,,49,,55,
2221,47,,49,,,18
4062,53,,51,,,10
2061,92,,49,,,
4019,63,,98,,,
3072,10,,49,,47,
4008,18,,55,,,4
3065,50,,50,,,
6082,102,,49,,,13
,68,,53,,,
,21,,52,,,
,54,,51,,,
,47,,51,,71,
,133,,49,,,6
3216,4,,49,,37,
,39,,49,,,
,53,,98,,,
5038,114,,50,,,0
,21,,51,,,
,126,,50,,,14
2013,77,,98,,,
5221,157,,49,,15,6
,69,,49,,,13
,58,,50,,77,1
6036,142,,49,,33,
,127,,50,,,
,153,,51,,,
3013,127,,51,,,
,109,,51,,,
,47,,52,,,
,159,,49,,,5
,93,,49,,,
,138,,50,,,
,105,,50,,,
,156,,49,,,
,5,,53,,79,
,138,,49,,,
,16,,50,,,
,74,,51,,,1
2048,68,,49,,,12
,79,,50,,,6
5082,70,,49,,45,
,18,,52,,,
,94,,49,,99,1
,35,,53,,,
,54,,98,,57,0
,75,,98,,,9
3029,32,,51,,,
,71,,52,,64,
,81,,51,,52,
2061,110,,49,,18,
,40,,51,,,
,80,,49,,70,
5032,77,,50,,,
3202,81,,50,,,16
,140,,49,,,
,55,,51,,53,
,86,,49,,,
2064,107,,49,,39,
,40,,49,,85,12
,91,,50,,,
4231,55,,49,,,
,5,,98,,,
2062,2,,50,,48,2
,136,,50,,85,12
,22,,52,,,8
6092,60,,49,,,
2004,79,,98,,19,
,17,,98,,,5
,117,,49,,89,
3209,124,,49,,,
4100,115,,50,,,5
4089,6,,98,,,
,76,,50,,,
,68,,52,,,
,51,,52,,,
4042,72,,49,,,
6066,18,,49,,,10
3089,38,,49,,,19
,19,,49,,,
,22,,51,,,
4100,13,,49,,37,
,15,,49,,,
4211,112,,49,,,9
6076,67,,50,,,
,106,,49,,,6
,16,,49,,,5
,109,,53,,,
3222,51,,51,,23,
,132,,50,,86,
,133,,51,,,0
,132,,49,,,
,21,,49,,,4
,9,,45,,70,
1434,71,,53,,41,
,133,,52,,83,
,51,,49,,,
,114,,49,,,
,86,,50,,,7
,109,,50,,,
,20,,49,,41,11
,71,,49,,81,
2204,154,,49,,,
,109,,49,,48,11
2074,134,,50,,,17
,53,,50,,62,15
,120,,50,,,19
,151,,49,,,
,57,,50,,,9
2211,108,,50,,,0
,6,,51,,94,7
4052,134,,51,,,1
2222,20,,51,,,18
,7,,49,,,6
,118,,50,,,
6051,71,,98,,,
,150,,49,,82,9
,44,,49,,,9
,14,,51,,,
4052,26,,49,175,,
,100,,49,,,14
,28,,49,70,52,
,100,,50,,,
,88,,49,,,
,1,,49,,,18
,139,,50,,,11
3099,75,,51,,35,
6019,74,,52,,,
2092,109,,52,,,
3100,148,,49,,,18
5204,139,,49,,,
,4,,116,,,8
,55,,98,,53,
,18,,50,,,10
3221,34,,49,,35,
,41,,49,,89,13
,74,,50,,,11
,6,,52,,,17
,96,,49,,,
,137,,49,,,
,49,,49,,,14
,65,,49,,,19
3243,64,,52,,,4
4004,17,,99,,,
4004,5,,52,,,
,42,,49,,,4
,111,,49,,,
,155,,49,,,
2069,64,,50,,38,
3074,5,,51,,,12
4208,86,,52,,,12
,71,,50,,78,
,47,,98,,,1
,125,,49,,,
2100,127,,49,,,
4208,65,,50,,,10
,135,,51,,,
,5,,49,,42,
,17,,103,,79,7
,144,,50,,,
5204,158,,49,,17,
5002,77,,49,,,14
,40,,98,,56,
4086,18,,51,,,12
,126,,51,,79,
,22,,49,,,
6049,62,,49,,,6
,74,,53,,,
4029,103,,49,,,
4224,3,,49,,17,8
,82,,49,,,13
,119,,49,,,
,124,,50,,,
3004,3,,51,,,
,143,,49,,88,
4032,8,,49,,44,
3051,84,,49,,,
5243,41,,50,,,
,36,,49,,,
,112,,50,,,
,67,,49,,,11
,115,,49,,,
,12,,49,,,10
,20,,50,,,
6064,3,,53,,,0
,43,,49,,,
3039,65,,51,,47,
,59,,49,,,15
5028,64,,51,,,2
,6,,49,,,
1433,102,,50,,45,
3234,134,,49,,,
5082,23,,49,,,
,10,,98,,,2
4092,47,,50,,36,
,133,,50,,,17
6029,90,,50,,25,12
,33,,49,,,
,73,,49,,,0
,73,,50,,84,
,64,,49,,,9
2069,35,,49,,,
4028,63,,50,,,
,21,,50,,83,11
,40,,50,,,5
,149,,49,,,19
,50,,49,,74,
5219,120,,49,,,
3056,51,,50,,,
,134,,52,,,
5029,75,,50,,,
,6,,53,,72,
2019,136,,51,,44,
2002,110,,50,,31,
,53,,49,,79,17
,98,,49,,,
,18,,53,,,17
,101,,49,,54,
,56,,49,,,
,2,,49,,,2
3208,63,,54,,,1
,87,,49,,,
,54,,49,,79,
,39,,50,,,10
,3,,50,,,
,83,,49,,91,5
,152,,49,,81,9
,123,,49,,,18
,22,,53,,,
,39,,51,,,
1413,17,,97,,,14
,72,,50,,,2
,126,,52,,,18
,104,,49,,98,
,3,,52,,75,
,35,,50,,,14
,116,,49,,,
,126,,53,,,
,82,,98,,51,
,153,,49,,,7
,99,,49,,,
,27,,51,420,,
,27,,52,420,,
,151,515,-401795697,,,
,129,446,1809747744,10,66,
,129,444,-494470847,10,49,8
,,,-1736045210,600,,
,,,2028683132,700,,
5100,27,435,726194994,35,,11
5231,26,326,-1500681104,35,18,
,,,645151723,,,
,,,485937316,,,10
,,,-21628707,,,
,,,-978773545,,,9
,,,-769136747,,,
6056,,,1667674393,,38,12
5064,,,-237504717,,,
,,,593120759,,51,7
,,,1049235272,,80,
,,,-49328157,,,
2062,,,2114047646,,,
,,,1374725007,,,8
,96,336,832848849,,,
,17,303,-1896009846,,,3
6048,81,284,1727718686,,25,
,21,314,343858091,,,
,40,219,-279770862,,88,0
,92,321,-1004363142,,,6
1100,55,288,1116596553,,,18
1431,40,218,1008312849,,29,13
5004,6,412,-875985597,,,
,117,392,883077428,,,
4076,22,192,1093308985,,35,5
,97,338,-1717602680,,,7
3232,65,263,1930496696,,,9
,83,289,-459489437,,,
,40,217,872542385,,,
,22,430,-1548084454,,44,
5209,101,348,-756688620,,,19
,54,287,-572184189,,,14
5028,41,220,-1587890275,,29,6
6039,75,474,-564025169,,,
,47,278,1532654310,,,
3054,17,301,-848224620,,,
,74,464,372922991,,58,
,134,476,-2142259179,,,
,103,351,-667416514,,,6
,3,281,1854287253,,,14
4074,70,260,628431121,,,
,139,499,1775219254,,,
,85,304,1521074059,,69,
,3,163,1018165654,,,3
,45,225,1867075712,,,14
6084,21,191,-1809956726,,,
,127,427,1040208756,,60,
,144,505,-1855012768,,,8
,68,360,-50185287,,66,19
4069,47,486,-135779304,,11,
4011,25,195,89313031,,,
2082,124,405,-2022970198,,,5
,81,284,1388769534,,,6
1100,82,494,2004729748,,,
4202,77,376,-1701448018,,19,
5212,40,219,-158570638,,,
,18,305,2147017496,,,
,132,460,17404820,,,16
,133,470,1310091443,,45,
,148,511,-160502587,,84,
,92,321,-2119435302,,,16
,40,219,-2020851854,,,4
,41,220,1136638747,,,
,39,372,-1315607509,,,
,135,480,670329303,,52,19
,3,163,1915479454,,,15
,109,368,-29190296,,67,15
,71,424,-1844303656,,,
2011,39,216,1791455384,,,
3232,40,276,-534130975,,,19
3086,7,168,290202714,,21,
4038,40,217,-858850594,,,
,65,263,-603247625,,55,
,17,182,1061692114,,,
2243,71,425,-1682090375,,,
6217,64,251,-1530279270,,,
,150,514,567569860,,,
2100,112,383,-415802531,,,
,17,302,1811480233,,,
,22,433,421422941,,,1
,5,179,1689118765,,,1
5100,77,374,-366783706,,,
,102,349,-2076519643,,58,
,40,219,-251141711,,,6
6048,124,405,-404276946,,16,
,53,491,228416017,,,
,47,485,1772210006,,,11
,50,230,-1565081732,,,9
,16,294,622806422,,,
,153,520,-200948072,,,
,40,218,1698702513,,76,12
6217,51,402,2047424749,,,
2202,41,221,821097632,,,
,22,432,1830706876,,57,
,41,220,-335898381,,51,
,40,217,-168119313,,,9
,5,178,743015740,,,
,81,407,-1147567883,,,
,18,187,700759981,,92,
2072,1,160,295072390,,15,
2011,157,524,-1963356952,,,
4058,18,187,-867596419,,,
,122,403,1479991253,,62,
,40,218,-2044467589,,,
5061,3,163,991568184,,,17
,3,163,-1979436,,,0
,53,492,1663239122,,52,
,3,164,1095327031,,,13
,75,474,461675374,,,
,53,492,602225808,,,19
3224,53,282,-383351584,,,8
1406,17,303,-336291097,,,
,57,241,1341482514,,83,
,54,234,1773221426,,,3
,23,193,469456281,,,5
,25,195,90236552,,66,16
4029,18,187,-830842457,,,
,130,455,1013560438,,,1
,68,361,651235598,,49,
,119,395,1563378833,,53,8
4044,40,218,1364551185,,,
2029,53,233,32039458,,,
,17,302,1761920865,,,12
5241,3,162,321781235,,37,4
,55,288,-999847991,,85,
4008,131,458,941226223,,,
5214,114,386,1755416772,,,
2019,124,405,81962519,,24,
,40,219,-754925327,,,
,79,398,-647667882,,,
,150,514,566646339,,71,15
,129,447,1426617249,10,62,
,26,329,-1757221497,35,,
4202,47,227,-137659948,,,
6052,134,478,-188421193,,28,
4216,20,311,-1242743172,,,
,71,425,-640571495,,,
,143,504,-1637767432,,94,
,3,286,1311025494,,,
5202,79,490,1259529493,,32,3
,71,262,-604268985,,,
,68,358,-1366761929,,79,16
,17,301,-457610875,,,0
5028,102,350,611879948,,,
6026,71,424,-162068008,,,
,21,314,-1674227865,,,
2081,68,357,1543720080,,41,2
4100,72,266,1981595836,,,
,53,282,-354722433,,,
,122,403,1594507857,,,
,133,469,-49579294,,,
,63,295,2107689462,,,6
,71,422,430480150,,,
,17,301,-798825625,,94,
,134,477,-108102762,,,13
,40,217,1999938478,,82,
,71,425,-274787527,,,
2084,22,430,752740058,,,
,77,374,479315313,,78,
,131,458,-170361773,,,
5011,75,272,-1087310593,,,
4100,3,286,1446950390,,,
,109,371,1427607033,,,
,75,473,-194827091,,,5
6044,47,227,1252424020,,25,8
,81,409,914287661,,,18
,47,484,-1757375914,,,
2221,17,301,-238473533,,43,9
,120,396,-846547699,,92,10
6131,69,259,1674126140,,,
4099,150,514,565722818,,,
4088,17,303,1373255977,,,
6039,57,240,117866205,,,
,39,216,945346996,,95,
,151,516,752230893,,50,
5044,3,281,1886632533,,,
5059,18,305,-1477017035,,41,
,3,163,-237017548,,,
,141,502,-1085772116,,,17
2221,40,217,-645261008,,,0
,5,166,1783785160,,,9
2222,39,216,-1923348745,,,14
,40,219,-1583523982,,53,
3100,109,371,-1167719395,,,
,18,305,2118388345,,97,2
1500,51,401,-106390068,,43,
,57,241,1426786894,,99,
2042,43,223,-1078523015,,14,1
,40,217,-1543219184,,94,
1300,47,227,1281053171,,,
,60,245,1775836946,,,11
6219,109,368,-1375996050,,,14
,21,191,-539605967,,,
,120,396,179304333,,,19
,17,303,-307661946,,50,
,131,458,826709619,,,
,41,220,-2015103,,,
,63,297,-452798660,,,
,127,429,-211278089,,90,14
5048,98,339,1187772660,,22,
5086,111,380,484076913,,,
,64,252,1798691655,,74,
,141,502,257443954,,,11
,134,476,26057204,,94,
,82,495,-948044651,,65,
,65,264,694087896,,40,
,40,219,1959924461,,,
,100,341,-146482107,10,68,
,102,349,-1054527830,,,
,74,466,1534648981,,44,
,120,396,-1449592147,,,
,55,238,-1586071976,,,18
,2,161,1084469652,,,4
,40,219,-1633080590,,,
,81,284,391698142,,,11
4232,41,221,-899063842,,,
4082,17,182,-1081024600,,,
,9,170,334450226,,,2
4234,96,336,321391182,,,
,138,498,-1360988184,,58,6
4099,53,492,1743981394,,,
,81,407,-1399306645,,84,
6082,5,176,994716600,,,7
1427,6,415,545729596,,,
,17,301,-198194594,,97,
3072,53,233,989504560,,49,12
,54,236,170475700,,82,15
,124,405,664626257,,,
2100,71,422,1255543478,,,15
,133,470,-1609379683,,82,15
,74,466,-1960234987,,,15
,63,298,-1756040623,,75,
4204,22,192,-1897905191,,,10
2231,86,307,-1216795045,,,
,144,505,-1850395163,,,
,73,462,502146610,,97,
6215,40,218,-957200784,,,12
2066,133,469,-847142046,,13,15
5226,35,209,-265921538,,23,0
,68,357,-505473126,,49,
1500,40,218,-993132980,,,
,17,182,1118950416,,,2
2002,49,229,-504491357,,,9
4084,16,294,-1492674188,,,13
,81,408,-240662450,,90,
1423,54,234,-859844462,,48,16
1100,134,476,1918017269,,,
,18,184,-6266620,,,
,101,348,-729906511,,91,11
,110,378,-1677220460,,58,2
,85,304,1523844622,,94,
,82,495,-1254726379,,,
5026,40,218,11241457,,,18
,22,433,1494562973,,,5
,125,410,-2071153811,,,
2100,3,286,2096841654,,,
,17,302,122185117,,,8
2048,75,473,34206117,,,
2100,14,175,-1016749027,,,
,39,216,-1554595504,,,17
1420,77,376,63765672,,31,
,134,477,-343140874,,66,8
,64,251,-1582193414,,75,
4231,152,517,1856367268,,45,7
,64,253,962377001,,,
1200,33,207,897494805,,,
,17,302,-1101548214,,70,19
,40,217,73757807,,,
,77,374,-1850284888,,,
4048,35,211,-365539670,,40,11
2100,17,303,-411311413,,35,
3038,22,431,-1888653381,,45,
,32,206,-860121838,,53,7
3206,47,278,-55693530,,,11
5052,17,303,-1154327264,,,13
3064,111,381,-1854586304,,35,
,133,471,571100308,,,11
,3,281,1416556309,,,
,110,378,-129045666,,56,4
4081,53,282,1176122753,,,1
3059,74,467,-140095914,,49,
,86,306,-1667400689,,64,
4059,26,330,2081388588,35,,
,124,405,-280159863,,,19
,63,298,-481008835,,,
,134,476,-2571947,,,
,5,179,1690042286,,,
,46,226,-1935660372,,,
4064,77,375,-1963285431,,39,
,152,517,-1125014228,,56,
,124,406,2115743874,,,
,134,476,1144328820,,,17
,127,428,-787038282,,,
6051,81,408,268948175,,,1
5051,101,348,-757612141,,,
2039,66,343,-1853147441,,,16
4065,103,352,-273815790,,,
,63,295,1376523804,,,5
,40,219,-2138529330,,,13
,3,286,-853874122,,,8
4214,53,282,-1279100511,,,2
2054,81,407,128743973,,,
,22,192,124866744,,52,
6026,40,219,-1973348654,,26,
,40,217,1398438384,,76,8
,16,294,-1065543050,,50,10
,94,323,-1385575186,,81,4
4212,57,241,746728524,,,
,5,176,-1991205152,,,
,64,250,940184441,,,
3212,64,250,-1998403833,,,7
4088,79,490,1099687701,,,
,17,302,1840109384,,,5
,90,318,503544975,,,
,33,207,-119180687,,,14
,17,301,-1714902688,,,3
,71,424,-1928361384,,73,15
,54,237,-322826379,,49,8
2065,109,370,-2010563286,,,
,5,176,-694282181,,,3
,46,226,-615719647,,88,5
,119,395,1592007984,,,0
,3,281,-1055025035,,,15
3065,80,283,1804345920,,,
6091,71,425,843484089,,45,
,156,523,-971503281,,,
4082,40,217,-1642332400,,37,
,117,392,2109615156,,,9
4081,3,163,-1590327276,,,
,65,263,2132000982,,,
,30,265,1289968167,,,13
,1,160,-1027370816,,,12
,51,402,1505783353,,,
,101,348,-732677074,,55,
,133,471,1030379728,,,12
3082,103,351,156147373,,,
6011,114,385,1423107027,,17,
,75,475,2143878382,,,13
,68,359,2066916564,,,11
,106,356,-1180097867,,96,16
,18,185,-1926787587,,63,
,40,217,-1538908964,,77,
,141,502,2001884780,,,
,65,264,876152633,,,16
3032,3,281,63246581,,,
,79,398,944213484,,,2
,47,486,528703448,,,11
5212,3,164,-454496777,,,2
5228,10,243,1558700366,,,
2214,20,190,1890342778,,,
,22,430,-1519455303,,,14
,151,516,751307372,,94,
,14,175,-271796455,,,5
4100,66,255,225253586,,,
6049,5,293,772672084,,,
,40,276,-505501824,,,
4069,74,465,-760470668,,15,
,129,446,-495439137,10,,
3088,26,327,-1875486389,35,15,17
,92,321,-690409880,,,17
4100,3,281,-1817058315,,,3
,10,243,1585910887,,74,
5038,124,405,405069680,,21,7
1431,53,282,-326093282,,,
5039,53,491,-792652335,,44,
,21,191,1257345392,,,10
,17,302,-916069380,,,0
,3,163,1586368404,,,
5054,22,192,-1869276040,,13,
6210,40,219,-1548988815,,19,4
,17,302,353526587,,74,16
6076,35,363,-783841174,,37,12
,76,273,-812506192,,47,
,146,507,631742610,,,
,82,285,-213660923,,,9
4234,134,479,-1889488552,,,13
2224,17,301,-1235545885,,,
,124,405,529186763,,,11
,135,482,-1905838119,,80,
,16,181,-1746042475,,,
,103,352,-2009055734,,,
4066,64,252,315190473,,,
,57,240,-2087869775,,,14
,41,220,1085185405,,,
,53,492,-1651465038,,,
,3,162,-1420515181,,,
,4,290,-1760230044,,,
,54,236,685642067,,,
3011,16,181,1981645333,,,
,74,271,-1332673308,,,
,3,162,-951704781,,99,1
,41,221,-1807994658,,,19
,124,405,-1937253967,,93,
,57,241,-1847689902,,77,
,35,212,929883441,,71,12
,65,254,-508439718,,91,
5039,152,517,925570820,,,
,53,282,1427518945,,53,
,40,219,76467474,,,17
2100,114,386,-1715063116,,,
3026,50,230,-1429219494,,30,
6210,68,258,1843504261,,33,
,54,287,-1833964573,,,
2068,124,406,-678728234,,,9
,10,171,-1073715236,,,10
5099,133,470,566214453,,,1
,40,217,-1910929648,,56,3
3088,41,220,-1788848452,,,14
,20,190,-1414895140,,,15
3068,15,180,-1020040873,,,
6064,153,520,-200024551,,,2
,3,286,1475579541,,,7
,40,219,1403095154,,44,
6032,17,301,619841573,,,
,146,507,-1061591922,,,14
,13,174,1185060721,,,
4232,40,218,1047042130,,,10
5209,91,319,-1170339861,,,
4088,17,182,1090321265,,18,
3051,64,250,1937255833,,,
,65,263,-631876776,,,8
4222,68,358,965277289,,,16
2234,134,476,-788602187,,27,
4013,80,493,940294479,,,
5059,17,302,1568650335,,13,
,148,510,385651090,,,
,54,237,-958679980,,,
,40,218,366983760,,,1
,40,219,-1511880366,,,
,144,505,1263905847,,,
,67,256,1176122969,,74,16
,129,445,-339863650,10,46,
,27,437,5911828,35,69,
,127,428,1295556374,,,4
,53,233,-1799148752,,,18
,54,235,-967931790,,,7
4209,120,396,-996424499,,,0
4054,96,336,831001807,,15,
,18,183,-313166144,,50,13
,110,378,184907596,,95,
5214,77,376,973843564,,,3
3222,22,431,2072162587,,,
,40,218,-1933344719,,,14
,71,262,141303303,,,5
5100,72,267,194827729,,,
,85,304,1520150538,,,
,37,214,-1518328394,,,
,55,288,1447012713,,,
,68,358,1883086447,,,
,54,237,-1167164619,,,
,77,374,-35836438,,78,10
,158,525,-1077143744,,,5
4038,74,465,-839837420,,,
,64,252,-194420152,,,
,133,472,750668013,,,15
2028,48,228,-923036082,,,2
6088,80,283,-2028481536,,,
6042,2,161,935992128,,,
,73,463,875964307,,,16
,81,409,-1496570911,,57,
2048,135,480,200253079,,,
5042,13,174,2004245149,,26,
,17,302,-1130177365,,,
2092,147,508,1436290347,,,
,78,279,187723343,,99,
3219,73,461,1709488049,,,
3064,126,418,1467182840,,,
2231,68,358,1396602929,,,
,21,191,466924614,,,10
,40,218,-2120529073,,70,
,66,343,-1625459307,,,17
,75,475,-449242544,,58,7
5206,17,303,-798089888,,31,
,3,286,2063439222,,,13
,107,365,1856149748,,,8
2004,47,278,-1169680219,,,17
,72,266,-1082432074,,64,1
,54,287,-340617277,,,11
,20,311,-945093028,,76,5
,139,499,1772448691,,,
,134,476,1172957971,,98,
,17,302,1941874487,,42,15
,17,302,-944698531,,,
4100,81,408,-1566520314,,42,
,55,288,-489280983,,,
6019,3,163,233058676,,,0
3081,3,286,-163484458,,,4
,40,218,39870608,,75,11
2100,65,264,2045312473,,,
,14,292,1805612697,,73,
,72,266,-1554727926,,,
,151,515,-405489781,,,
,40,217,-616631857,,85,2
3222,79,490,-1760373899,,,
,17,302,1791806271,,93,
5064,71,423,-875315785,,,
4228,64,253,961453480,,,14
,67,270,-1314755056,,,
2066,47,484,1630526644,,,
,109,368,-1491128856,,,
3241,40,217,-1986246687,,,12
6211,67,270,-373133606,,,
,26,332,-210181466,35,42,13
1406,27,435,1008879762,35,,
,26,197,-473807980,35,,18
5092,14,292,1750918609,,,11
5074,68,358,1938244325,,,
,41,220,1696772218,,,
,134,478,37865527,,50,3
5081,22,433,-1879401571,,,
,82,494,-2098620300,,,
,79,490,353846741,,,10
3048,81,284,420327293,,45,
,22,192,-983247629,,,
6024,40,217,-1613703249,,36,
3231,20,190,-1138182229,,32,
,35,212,-695969458,,98,14
2082,94,323,1174152166,,,1
4074,124,406,-1392899886,,,
,77,277,1116198151,,,
4100,159,526,89077941,,,
,139,499,1777066296,,,14
,56,239,-1691857223,,,
4100,40,217,1105263032,,19,0
,93,322,-986362966,,93,0
,53,491,-1485640495,,,
3032,39,372,-860231241,,,5
,104,353,-470992364,,,
,77,375,-1714556027,,,18
,131,458,969855374,,,
,81,409,2131936837,,,
,41,220,-629301388,,56,16
3064,22,192,2090380377,,,18
5222,40,219,-1604451439,,,3
,56,239,-1872944059,,,
,22,432,2065744988,,,17
,86,306,1882287705,,50,
4231,67,257,-423388114,,,
,40,219,1429777202,,,17
5052,151,515,-402719218,,,5
3089,101,348,-733600595,,,16
,85,304,1519227017,,,
,117,392,805700852,,47,
,71,424,-810089768,,,
5066,17,303,780379500,,,13
,133,471,-1380252610,,,12
,86,307,-462502280,,,16
5219,3,163,1937721172,,,5
,68,358,1931187703,,,12
,17,302,1029433363,,46,
3100,17,302,251761484,,,
4100,22,192,-1684312207,,,
2100,17,302,-1114539606,,43,7
,3,164,-1137184747,,,
6122,22,192,96237593,,16,
,39,372,-318589845,,,0
3084,103,351,-354386773,,,11
,35,210,-1264801811,,,
5204,2,161,-1921626555,,,
6024,55,238,647474392,,,11
4100,54,237,300573908,,,
6056,67,257,-1930939924,,,
3100,18,305,-966482889,,,7
1100,91,320,-1521094518,,30,
4026,40,217,-178792224,,,15
,54,237,271944757,,,2
,144,505,-242722442,,79,5
,53,491,779234513,,,
5211,136,488,-367182351,,,
,75,473,-137568789,,69,3
,73,268,-1244149662,,,
4065,46,226,1534819516,,,
2042,70,260,-1137916073,,,11
2026,74,271,-1186780540,,,11
1100,106,356,-1155162800,,,
,129,446,-188761099,10,,14
,26,330,818852526,35,,
,79,398,-317251722,,,19
,139,500,-1708659425,,,
,73,462,988683826,,,
,37,214,289783616,,,13
,139,499,1774295733,,,
,134,477,297692182,,,
,75,473,5576966,,,
5054,112,382,-2027975952,,,
,152,517,240354200,,,10
,40,217,1319880108,,,
,64,252,-1734002733,,,
2228,138,498,1481585180,,46,9
4100,75,272,-681515649,,,18
,105,354,-1209580888,,87,19
4051,50,394,-1925635725,,,19
2100,64,253,1158034364,,,
2204,35,363,415519978,,44,4
3241,20,190,1424287218,,48,
4082,81,408,-1604897916,,30,0
,17,182,-654263369,,,
2226,55,288,-117422839,,,
,87,309,-856523440,,,
5228,30,265,292896775,,11,6
3243,131,458,912597072,,,7
1403,39,373,-1179878648,,,
,40,218,1036942000,,,
4100,6,414,-1318538149,,,
,5,179,1690965807,,,2
5032,53,233,1200198448,,45,3
,58,242,1425321457,,,
,35,364,238780043,,,16
,53,233,-720043504,,52,
,81,408,-1984806058,,,
4084,1,160,1334123766,,29,
,74,271,1846406372,,,3
,124,405,748252593,,,
,135,480,-918018537,,,
,18,183,787957208,,78,
1600,5,178,2056489464,,33,8
,138,498,1198739168,,,17
,47,485,264604438,,,
5068,86,307,-196650274,,14,
,82,494,-1303491404,,55,
3204,110,378,-1322644214,,,
3081,115,389,377040286,,,19
,71,425,-1628097255,,,2
,3,163,-1355289164,,57,18
4076,85,304,1521997580,,17,
2011,54,287,1839686595,,,
,77,277,1001289763,,,
,67,257,737816480,,,6
3056,75,474,757406237,,,
5069,35,212,-1811336574,,,12
,53,491,-1813720687,,,11
4204,3,286,-488374506,,,15
,50,394,596881603,,,3
1407,63,295,1597155316,,35,
,109,367,1294531397,,,
5082,134,476,-1631725003,,47,
,134,476,1431480053,,,
,144,505,-1985942529,,,10
,18,185,-129333143,,,
1431,75,272,906832191,,,
5100,96,336,320467661,,,
2243,106,356,-1152392237,,,
5231,64,250,-1486946166,,,6
6074,51,231,-1758139634,,26,8
,145,506,-1105765363,,,
3089,22,433,1418494333,,,3
,35,211,-1327860882,,,
,75,475,1146806990,,79,16
,129,444,-1602510789,10,51,
,26,331,-852782775,35,65,
,17,182,-1803658927,,,
1434,150,513,-461864755,,,6
2100,66,255,-2106785632,,,0
6086,74,464,716467315,,,14
,53,282,-411980735,,82,7
4091,25,196,1724613559,73,,
3002,27,436,1439442771,35,46,
