340062103,1089223819,-2147483648
-1007386859,-1622240301,-2147483648
250452303,990640017,-2147483648
-235634545,-1993334583,-2147483648
-599220250,643741391,-2147483648
-29732238,-1537029592,-2001171740
-936642601,-146159050,-2147483648
-1822612170,1874337938,-2147483648
1530543804,-1783928218,-2147483648
1271734312,-1770886522,-2147483648
528577726,1304977767,-2147483648
-2139820661,994031309,-2147483648
-1222050071,419623363,-2147483648
-2010346444,-2022474086,-2147483648
1054451562,-855345087,-2147483648
1556698800,-297087517,-2147483648
1089095766,-1603379698,-2147483648
-1118665053,-703976797,-2147483648
-919412773,935084632,-2147483648
1975821933,1492276021,-2147483648
808226261,530458643,-2147483648
-596801452,550907029,-2147483648
-1296697478,1483484637,-2147483648
-199678913,49671026,-2147483648
-2111013592,-562419894,-2147483648
-1542479235,-1806858626,-2147483648
-1637495159,-1398983620,-2147483648
1456186251,150998609,-2147483648
2032006420,-553391795,561642119
285529365,426234265,-2147483648
53762987,1195711122,-2147483648
604557006,-1250148183,-2147483648
234281357,292925799,-2147483648
-1461865727,1431249104,-2147483648
764245501,-1025247649,-2147483648
-1231658831,-179039115,-2147483648
1970889427,-1920253477,-2147483648
66010971,867190694,-1193089349
-282505857,1706325832,-2147483648
-1594654112,-1047518616,-2147483648
1033482529,-1810605807,-2147483648
-694941116,804317989,-2147483648
-1689673793,-932170580,-2147483648
-1257446750,838389151,-2147483648
-2139820661,-1856002635,-1025166677
-2139820661,-1474800758,-578378029
-15613295,2100614229,-2147483648
1863986577,-470870954,1556423087
-783371209,683141616,-2147483648
-2102220160,1590709541,-2147483648
426011706,1440507872,-2147483648
821648297,-98054811,-2147483648
-1946824432,-78891374,-2147483648
-1680719779,-831367716,-2147483648
1848192163,632757259,-2147483648
-109192486,89190,-2147483648
910000264,1787440965,-2147483648
1967000182,1032712201,-2147483648
632583068,1416994628,-2147483648
1544388212,1691888563,-2147483648
138362776,770980687,-2147483648
1553085156,1498667901,-2147483648
1992834430,249444687,-2147483648
709318950,-888076754,-2147483648
633413887,1307648854,-2147483648
489845342,1080338919,-2147483648
279760833,-193889361,-2147483648
-1235643706,-737145680,-268701227
654495305,1014713460,-2147483648
-539982033,1024886959,-1868364934
-539982033,942255939,-2147483648
-1506494792,1184745631,-2147483648
-645779448,1557370040,-2147483648
-384848827,-1392501808,-2147483648
-1887041806,1123482545,-2147483648
-652601053,1933713685,-2147483648
-112267083,-1891502493,-2147483648
1881970905,354172646,-2147483648
15009572,-1942963736,-2147483648
1161157983,1148885401,-2147483648
-1305687588,229027809,-2147483648
204458600,-538760793,-2147483648
1942310820,715514602,-2147483648
1341156235,9456994,-2147483648
1608174228,679440321,-2147483648
-1886666730,2016302656,-2147483648
162454246,-403949642,-2147483648
-633652617,1547265126,-2147483648
-1339623426,-834497113,-2147483648
937696672,-1744186998,-2147483648
-276046404,219729558,-2147483648
1206798645,1792201902,-2147483648
1782278366,-1613596467,-2147483648
-1896587527,-1622232209,-2147483648
1538488972,1787702637,-2147483648
1129362961,-805124076,-2147483648
1154569008,-953792892,-2147483648
-79901750,-1273679482,-2147483648
-2067992074,-1973131798,-2147483648
394374784,7673736,-2147483648
1544388212,1565271214,-2147483648
1368641114,1807681955,-2147483648
180467414,-1822275567,-2147483648
528577726,-980098833,-2147483648
-1949179307,1253425638,-1057217568
-303944446,-531029559,-2147483648
-155652057,-1487389437,-2147483648
2354055,1298345668,-2147483648
-588208923,1773621995,-2147483648
-1071751919,-1038691725,-2147483648
141160637,-663066798,-2147483648
-61262750,1519950386,1931764059
1175165466,-1227346124,-2147483648
1175165466,337081481,-986579482
-1514372615,540853546,-2147483648
-134576574,1652064070,-2147483648
-940384004,-160966839,-2147483648
-162039648,1126269738,-2147483648
1433602316,-1933742631,-2147483648
-1778241352,-553380175,-2147483648
1470897376,1446161132,-2147483648
-1053428051,1692751250,-2147483648
1285013484,591472311,1619865851
-1810833587,-3538822,-2147483648
1283412826,-1914372262,-856708926
-1822758495,949075523,-2147483648
2137769594,223923909,-2147483648
-1202962428,-1955482672,-2147483648
-873314379,333799385,-2147483648
-223022926,1479719893,-2147483648
371573819,1246881646,-2147483648
-1814435573,1794061991,464601841
804181885,-633363893,-2147483648
-1805589218,-684084420,-2147483648
33726980,-787984669,-2147483648
90092287,87913056,-2147483648
-1968990133,1503885262,-2147483648
-476478041,-1120302753,-2147483648
-172695825,374358951,-2147483648
1369556774,-1137120068,-2147483648
2080207871,-1680690002,-2147483648
122448596,553022528,-2147483648
122448596,1561620497,-2147483648
1369556774,1944729213,-2147483648
-1635823487,-564093719,-2147483648
1135758945,1190631169,-2147483648
1408855238,1917314970,-2147483648
-1750001356,476987817,-2147483648
1282634005,885026666,-2147483648
675609867,-728723510,-2147483648
-1906445877,1784933866,1335298471
1612206391,1338347641,-2147483648
-1741114923,-1444076393,-2147483648
-867297139,-2052922636,-2147483648
426342528,-1519137453,-2147483648
-1124663065,-1154553763,-2147483648
1135758945,697616112,-2147483648
1312330250,-50381378,-2147483648
-1437102630,-171186294,-2147483648
-1398128157,-1953592230,-2147483648
343308420,230184224,-2147483648
-341635773,-819643333,-2147483648
456620329,1009377669,-2147483648
-2066867806,-1414693495,-2147483648
-645790019,-544005292,1831371567
-1254722701,1994040167,-275598848
-1333502816,1942024742,-2147483648
-1302195608,-1071545412,-2147483648
1618985704,-311607463,-2147483648
-101481558,-1165139708,-2147483648
-1807351522,-790311681,-2083973562
1260893065,-1328227473,-2147483648
-163321900,384446262,-2147483648
394687326,934121626,-2147483648
2015515320,-121936698,-2147483648
-1831786631,1477903064,-2147483648
-765804786,553237037,735246198
1508582183,1745190537,-2147483648
-747004618,1143605703,-2147483648
-1660762857,-426419529,-2147483648
1196461984,-1920749676,-2147483648
-1551232414,1643381139,-2147483648
-1164922964,2108533677,-2147483648
-945293669,-30067078,-2147483648
738198584,-537149108,-2147483648
-188249809,-1783517215,-2147483648
1306515463,-1035411779,-2147483648
-1580169247,-40371317,-2147483648
288028803,1459011975,-2147483648
-648535152,-470556442,-2147483648
-1007386859,156901123,-2147483648
313297999,1929893007,-2147483648
-534811722,-1407355856,-2147483648
-675116346,1356576842,-2147483648
1972988273,1713319580,-2147483648
-2118724319,439108659,-2147483648
-701116074,1451435903,-2147483648
64897,1435728578,-2147483648
-941940777,-1558962752,-4900029
864607484,-1538314104,-2147483648
-490265818,-1280390577,-2147483648
-1660762857,-232868723,-2147483648
-1613871371,652552855,-2147483648
2049166,-870665728,-2147483648
2039247211,-259723033,-2147483648
695948667,-1579973892,-1841245306
368759605,-199996855,-2147483648
-159727160,111730814,-2147483648
880615776,206297594,-2147483648
2100161294,-37410598,-2147483648
-178640386,-1666030923,-2147483648
348473276,1579388498,-2147483648
-84570878,1796411905,-2147483648
1402057971,1178011606,-2147483648
60994479,570183257,1963203945
-306102234,707862703,-2147483648
1471783373,1122849634,-2147483648
-1673986110,-344461247,-2147483648
609213994,-1673100108,-2147483648
-426666228,-2095135464,-2147483648
-1380233147,-61808069,-2147483648
-1914479615,-297362012,-596840440
1855164408,-1959808737,-2147483648
-1387125553,-1493264324,-2147483648
-1835271827,189976747,-2147483648
609288232,-1852821997,-2147483648
