0
1
2,37719912
1
1
2,-1340510759
2
1
2,-316943087
3
1
2,-58886191
4
1
2,-1624854182
6
1
2,228247411
7
1
2,44223387
8
1
2,1144045909
9
1
2,-110363635
10
1
2,1269788122
11
1
2,415197712
12
1
2,-2138205861
13
1
2,-1098562210
14
1
2,926762119
15
1
2,904597753
16
1
2,1886150881
17
1
2,-2138506010
18
1
2,1466794751
19
1
2,336764191
20
1
2,-672296485
21
1
2,2017266479
22
1
2,860644027
23
1
2,215939999
24
1
2,-2137861949
25
1
2,-2096340321
26
1
2,-1814651742
27
1
2,-1857327249
29
1
2,475732204
30
1
2,-634100281
31
1
2,-1675913023
32
1
2,199127173
33
1
2,-442023087
34
1
2,610536108
35
1
2,-659600569
36
1
2,321415640
38
1
2,1397099909
39
1
2,16032684
40
1
2,1054278992
41
1
2,-1935098205
42
1
2,1042667050
43
1
2,-1934712501
46
1
2,784946687
48
1
2,-823899395
49
1
2,-1374537848
50
1
2,-24068569
51
1
2,-427108120
52
1
2,-999873054
53
1
2,-13745921
54
1
2,1080678304
55
1
2,1764440944
56
1
2,2071890228
57
1
2,2101900140
58
1
2,-1655101503
59
1
2,-152484012
60
1
2,1659106153
61
1
2,958556550
62
1
2,-2133012505
63
1
2,749245340
64
1
2,1582237962
65
1
2,719594725
66
1
2,-773784153
68
1
2,-1894872852
70
1
2,-1699079758
71
1
2,677465185
72
1
2,421995188
73
1
2,-1894493587
74
1
2,892683612
75
1
2,801876886
76
1
2,1100281183
77
1
2,-178733138
78
1
2,-26800328
79
1
2,-947718977
80
1
2,2047017380
81
1
2,1810074144
82
1
2,1434920698
83
1
2,2138325162
84
1
2,-902989730
85
1
2,1614346808
86
1
2,781502843
87
1
2,76893095
88
1
2,-2095537519
89
1
2,545702381
90
1
2,1196667869
91
1
2,2135124171
92
1
2,-82346506
93
1
2,1400769192
94
1
2,1653634594
95
1
2,-2017986796
96
1
2,1216355547
97
1
2,-760726191
98
1
2,123041330
99
1
2,-225135695
100
1
2,1715612990
101
1
2,-1118221166
102
1
2,503774394
103
1
2,-1424118936
105
1
2,876416961
106
1
2,-313152508
107
1
2,-540012231
108
1
2,257819261
109
1
2,1302575129
110
1
2,1322037803
112
1
2,-1198613491
114
1
2,-825541844
115
1
2,-1487594429
116
1
2,463124795
117
1
2,-773186043
118
1
2,51980535
119
1
2,-148356026
120
1
2,-25691638
121
1
2,1144051041
123
1
2,-787225277
125
1
2,-1117524789
126
1
2,-1534409809
127
1
2,2088475558
128
1
2,-1538475402
129
1
2,-100113066
130
1
2,-1849788564
132
1
2,-1728339716
133
1
2,-591536030
134
1
2,90150263
135
1
2,-1509098420
136
1
2,743305209
137
1
2,971740902
138
1
2,519309344
139
1
2,-507095714
140
1
2,-1286991688
141
1
2,2014972386
142
1
2,1821842354
143
1
2,2092340878
144
1
2,-1236026452
145
1
2,1445653400
146
1
2,2078493527
147
1
2,1084533940
148
1
2,1242552095
149
1
2,947517277
151
1
2,-2100541715
152
1
2,-596093723
153
1
2,285384237
154
1
2,-1674465053
155
1
2,1817506403
156
1
2,-306833267
157
1
2,1260132243
158
1
2,455904156
159
1
2,-1438003523
160
1
2,1967563247
161
1
2,-432803390
162
1
2,-1343298398
163
1
2,1604560490
166
1
2,1938680347
167
1
2,2010333667
168
1
2,1727792576
169
1
2,-1812348584
171
1
2,51395403
172
1
2,-172337971
173
1
2,817392208
174
1
2,27857417
175
1
2,734749528
177
1
2,-310986837
178
1
2,400292837
179
1
2,-1250318894
180
1
2,1492841244
181
1
2,1579261435
182
1
2,-1670500007
183
1
2,-415290684
184
1
2,780552088
185
1
2,1745840044
186
1
2,640389374
187
1
2,315639142
188
1
2,-349700219
189
1
2,-1801204348
190
1
2,58105350
191
1
2,567933071
192
1
2,35541160
193
1
2,-150499938
194
1
2,1797635804
195
1
2,1521627075
196
1
2,980556824
197
1
2,-1353012495
199
1
2,-227559792
200
1
2,2038269572
201
1
2,988450287
202
1
2,1755433073
203
1
2,1794407932
204
1
2,-1496880032
206
1
2,2104186273
207
1
2,-1620891550
208
1
2,-363430599
209
1
2,-1989348400
210
1
2,-192070420
211
1
2,-1890453058
212
1
2,-1345555675
213
1
2,-23534594
215
1
2,-732758147
216
1
2,1579878825
217
1
2,1777112802
218
1
2,1248413632
219
1
2,-1627370210
220
1
2,-343160388
222
1
2,-1031428020
223
1
2,-584817088
224
1
2,1640592875
225
1
2,-1311334410
