169978069,13677,68994,2
886559536,52650,37337,
2129860193,95880,59882,
2014539308,12860,61215,
-1404078314,13883,44908,
-173432361,2046,53655,
-316616076,99620,83941,
1002996159,10727,78153,
-171158564,18593,97957,4
1721518667,92360,4443,1
539243438,98071,56971,
-2031181596,49895,62997,
1233582713,58315,31933,
-49399282,51376,23312,
-1342430001,4730,31025,
-428827082,64919,17279,
1502990647,85811,92159,
-1719767966,56518,31378,
-1946558188,82472,48255,
-165018152,73524,52394,
-595136757,43385,58697,
-46548038,48823,32217,
-2114415126,96634,23977,
-1939728253,71314,88573,
1426161932,24061,20971,
114957930,86203,65172,
-1203831664,32823,65654,
608854898,5289,13306,
-1254090354,14517,82800,
-1395304977,44601,53959,5
862577565,30718,11895,
-450580588,3530,59396,
-1602375550,28928,11111,3
-159403792,16291,44804,
-2126860213,94520,61686,
-1420193980,70106,8718,
380235998,31379,81609,3
-514722501,9991,24744,
857372965,57761,24633,7
731305731,96435,21180,
-1531849768,60750,39181,
-2052124766,70224,12302,4
-628910701,71300,20839,
1835776436,30790,79309,
-966223141,80210,29405,
2064815476,88311,18815,
-51961044,51934,83930,
-1339341239,72295,46755,
-1960780408,2223,7305,
-1874222271,92726,26674,
552337715,76365,49710,
-304187604,81291,82611,1
495827761,5940,79103,
-1099577154,35981,12021,
1840394292,28869,96607,
-801569064,93630,37669,
1027648190,895,20373,
382311917,40182,17683,
-1344089691,4743,34852,
-1643212640,31087,83114,
2067868433,26827,48506,
78951805,92916,67986,
-559465520,60272,19094,
-1753429907,9032,50225,
1232382158,31043,63383,6
1748151999,71406,78428,
-41844162,5937,15830,
846989425,9913,77361,
-316907964,27698,63701,
802642787,12389,59158,
1266156392,54588,18012,6
1406163864,98507,88979,
-1257506380,17827,84225,
237340443,82366,64604,
1842289882,93406,89435,4
-1279287829,59058,92241,
1569749583,1149,98160,
-680306892,33964,78444,
-1978870324,55711,50608,
-52174127,56880,58752,
-1255005344,89655,85995,
-898181641,61476,23607,1
-2132203288,89192,94274,
1414036378,60233,6800,
160745253,10721,22438,
403318620,85235,18877,
915551214,98026,31959,
-2066957757,57434,50917,
304652355,33533,36422,
-1917291996,591,7900,
1321580336,40821,95932,
758860275,16976,3058,
2077334274,95505,19787,3
847170030,5732,5206,
318618387,9402,63923,6
404300911,10237,45354,
1089357216,31442,40155,
1172639800,77761,67671,
-727376341,90409,44153,2
-779337274,27780,52834,
-1465254946,45313,87072,
924195419,43160,50889,
601752835,69733,26502,
702896170,24977,46696,
-2146447958,96690,10077,
-934448087,29078,56134,
-309942407,74939,48041,
-1099853578,93350,40013,
1396061692,54670,20097,
2022384272,49342,93107,
1547531087,52691,75288,
-1146691926,49892,97653,
1428347975,89653,43331,
-1615675498,51745,65603,
1167518304,36850,57142,1
-582609893,35304,61866,
1477523507,209,11511,
-942752041,51014,25427,
-1789108767,29265,61398,
-585609466,12276,44182,
-726615080,39322,16474,
485922350,40960,90702,
466101770,25901,69158,1
1743726263,22035,19616,
1683257138,85287,83143,
1743006460,65931,47524,1
-658221307,29880,50658,
1979539881,31053,29739,
-1091046149,42774,68116,
1797298918,5846,21065,
-1827506302,50869,15290,
1745223071,55728,3181,
188011402,27847,75963,
-724978138,53175,36631,
906533926,22668,33873,2
1722376952,29099,74085,
1402446815,19919,89807,
-1880199539,14424,69466,
-1001607230,2461,86126,
-1987765579,93363,49404,
-653857288,86713,94156,
-1746357729,73483,51388,
-319173948,38889,83693,
-907241378,61710,22724,
-537891279,57399,31747,
129196451,92354,1482,
-42454634,17662,33384,
-2101033670,57840,46399,
-374905462,83902,43011,
1185618374,83914,47798,
541778052,49189,64441,
-1878037254,45500,56261,
904157005,40753,32598,
138813252,84507,9273,5
-1364807446,3354,95234,2
-1834172423,35688,72986,
-216516144,58112,51912,
-745474095,63220,13837,
420210158,8283,10242,
-1729672342,62521,19106,
-2133889125,40723,59303,4
-1121118007,26908,7857,
-1682744592,31011,70739,1
-1975468260,49221,59110,
-336998856,13876,79715,
1886261062,99635,67490,
-742650280,33519,89261,
703600194,13955,85665,
869453879,83252,79755,
-957515075,68298,52413,
-935444942,80907,84627,
1016864995,85608,42113,5
-506783204,50953,60862,
-2010939037,68186,86753,
-1159286709,85933,18712,
-2064061867,29141,57209,
1613935636,11687,81046,
-674582367,23406,93956,
-1632185158,1948,23420,
-1028341321,82702,43238,
2138213702,67145,68093,
513370652,3936,15133,
-1923632382,63715,28690,
1919774673,73798,55992,
1612518775,65673,55506,
-1150287348,13751,43823,
1522065077,75253,55988,
-111706242,38553,28701,
-2061042378,95689,21634,
-1127452055,70249,941,
-1127351088,94020,7833,
-1837114252,75883,98904,
-1620277009,726,53755,
761093652,89919,74093,
-764538856,23633,59824,
690943678,86748,75081,
303993828,25471,44139,6
-382915297,99060,21661,
587829201,9210,39622,
-1909878529,30535,47084,
-1313289300,80416,11674,
-899789774,7402,84936,
-184658879,30805,69395,
-1439105401,43234,35131,
655786118,17362,10383,
-880860032,68059,80476,
-1460980972,73516,84074,
-1288174701,30104,63872,
-1061790317,3852,68192,
2095255177,45664,77608,
1403425703,45168,2750,7
-1924708808,83551,77301,
1350799197,69059,80405,
823665693,71670,66938,
-1480815826,75732,59018,
-712420368,20756,5619,
-249202074,72080,46927,
-192122465,78994,3430,4
-236131921,95129,1398,
-148352415,63378,46989,
244713809,36511,28970,3
40004330,67925,91751,
897021788,68867,40191,
-1287078733,35243,51636,
-588908851,74919,3866,
320331918,78000,64993,
171835566,19067,90286,
-331557898,3871,71469,
-1205919741,68528,10941,
-555876170,13527,95611,
420478259,4858,4538,
-554831033,53943,32419,
1030378557,29101,48525,
-860653085,13201,9307,2
-10281656,62483,34288,2
-191050100,20054,42968,
-151973289,76362,34779,
-731178091,61238,28579,2
-1513246534,60795,40095,
1543394799,30401,89923,
844328413,87177,71690,
-446794800,97240,66783,2
-357258496,91147,87954,
1277382666,10949,26751,
1219611027,35982,77678,
331074416,82706,20375,
62354634,26122,6523,
269043481,68940,55642,
141552789,65849,38,
1711853987,58983,47405,
1183124427,20669,32178,
-552699058,26014,22778,
1444029776,66662,54201,
500582216,41688,44454,7
-106360416,84753,61923,
1803585125,82051,30231,
534872545,21297,32883,4
-1788034642,38786,98252,
1239876382,47126,88762,
-1544086026,46491,99627,
1396726430,57104,39758,2
-676243238,52985,91464,
-175126119,4863,27492,
2000272352,91086,12949,
998207409,63496,40674,7
715974462,37822,41219,2
-369104633,19002,93958,
308161304,86219,46210,
-1474649458,63668,58748,
-1582783298,33399,7927,
384730863,53228,28726,
149270275,1039,97464,
240900226,33666,25658,
1565000262,74301,166,
1817923774,18139,65866,
921348009,93751,60180,
81267420,71839,22854,
814859880,87982,60019,
-425299928,11539,22722,
-1996433105,37713,76239,
250292971,19660,20067,5
1144755147,77818,80378,
-258842732,14963,69467,
-774688882,8793,41321,
-457145676,42090,97665,
-616912632,54767,46444,
1128661920,33907,94656,
359083909,51134,26864,
57942720,40779,57875,
940200925,35345,32057,
258318487,54574,3707,
-2045716319,88857,28076,
-19154536,44878,86275,
-1708947857,94114,90163,
-1291104519,33137,31699,
-100156799,8602,45395,
215742704,15486,15967,
-253692519,44799,95309,
388155152,67540,1221,
1795089373,83038,61059,
-1898823517,26747,45102,
497459728,92292,24748,
-734596111,65931,6503,
-1487147031,16963,1299,
1404152215,87844,11580,
854989811,40614,33459,
1680695546,57402,95449,
-117257130,9683,83268,
,78026,95372,3
-1411443963,5450,93534,4
,24629,90414,
-444533065,75922,48667,3
1491157218,97633,93215,
-1209267400,50544,89878,
-1922738998,96086,96210,
1053997312,96649,18557,
1842289882,86244,21750,
,72950,61860,
-1791065325,42415,76690,
-1811471470,36223,41406,
1707225222,73850,60706,
,20574,75392,
,5068,30790,
620925072,12248,31302,4
-48683094,61049,46865,
,91915,20435,
,69041,46561,
-286724553,210,54581,
865646258,45033,48131,
-1188544341,38264,40397,
-1178520497,92147,68992,
832246424,46085,63936,
,79179,18064,
-997184448,79714,11502,
-1975483806,4392,95265,
-862458185,95410,84173,
,89791,62168,5
482134218,84702,42807,
-557235466,25514,21726,
,62,62604,
239056557,79185,9546,
,34381,98870,
,45093,21232,
,92973,8793,
894830713,12666,16818,
-1614788853,93120,97434,
-1509485487,9932,89677,
-276778199,58552,70965,
1842289882,22518,59584,
,46040,21038,3
539201119,65166,170,
57942720,36318,92405,
244060453,51844,73514,
1258148427,78027,61120,4
2135786904,1425,32693,
1934176747,21185,22299,
423995512,25654,99016,3
940227825,21686,26039,
983173018,87094,77200,
,3246,46215,
423995512,24764,4196,2
-1098909530,66265,76880,
239056557,23441,73127,
1396136008,61318,47009,
,39033,61836,
445844473,95474,73536,
239056557,58240,62170,
-2113456184,81814,17827,
1636295261,65706,49941,
,89872,25256,
-1973684417,99585,31121,
-1729672342,31746,75270,4
900472917,80247,12935,
1366096219,47252,16464,
2103297234,21844,74172,
-1729672342,31464,4984,
-455568909,60972,87883,
-660922901,14633,8820,
-1624132116,6912,51765,
-706936375,40111,46069,
-781901746,2650,60238,
29309727,11844,30524,
-600056740,22207,57980,
-706936375,73570,64060,
1044621756,64292,86761,
,68872,28812,
-1576476384,7543,1239,
,69831,68734,
1228641408,52290,97009,
2103297234,97366,63733,3
-1188544341,24197,32485,
-637966965,47454,18401,
,96527,16424,
-484916263,91154,53432,
1550527794,22271,81014,4
2135786904,93545,29413,
94703042,92716,90684,
-1951832030,6762,8068,
1425275794,11031,19079,
1795166924,71684,53986,
1989097834,65590,35759,
526170709,69420,89589,
-2003619022,47218,79563,
-535667487,89920,60024,
2058306605,70889,90992,
,16223,16837,
-1795873806,45535,99468,
1096470294,21477,43084,
-1249549242,43312,6116,2
,33193,16331,
835724793,88764,67573,
-2052190564,74002,54226,
,39365,63223,
,73725,85952,
-1090661077,67167,2807,
1797298918,32823,7491,
1471938919,74582,51179,
1835215684,90619,30375,
,37828,37170,
366392010,15645,47049,1
,63656,72294,
-677805400,57419,10872,
57942720,53625,4713,
,38248,71112,
1478058199,22953,45525,5
838121546,11329,24121,
,16457,20259,
810921209,66126,50677,4
-706936375,23631,40677,3
-1249549242,73449,91914,
1465545128,82353,85802,
-2140774885,10339,6885,
-471913577,81344,47846,
,25070,40707,
,52175,28829,1
463374122,36568,63728,
,275,56239,1
57942720,40711,26183,
,99395,58956,
-1909734375,9010,50254,
-342419355,19249,31118,
-1127351088,48544,62265,
-2045716319,73839,19910,
-641343148,93550,66655,
-648680096,7081,58935,
-1715324888,10175,3861,
1365208105,23327,5629,
983173018,59781,64079,
1285738354,34014,98579,7
-412449298,77958,48252,
,30867,22428,7
1797298918,74825,89988,
,32603,70516,
239056557,54844,49940,2
1502990647,73122,85655,
422569302,56864,84166,
-2049121,26899,91221,
1330106598,36797,25164,
1354074438,61981,96472,
1902455216,70205,3095,
-706936375,51326,27531,
-1927481411,98570,7023,
-2128509712,37879,24268,
,49065,49339,3
-2020848518,34764,1229,
,34425,86002,
1842289882,5224,52325,
,22586,60506,
658669421,85040,10657,
-92174166,23240,75936,
-1487488244,70763,26907,
-1249549242,59302,82063,
,30862,71886,
-1973137988,15717,53305,
,28013,55676,
983173018,1745,8497,
-1249549242,89194,43818,
,40578,99981,
-1209267400,94291,7574,
,85167,16348,
1842289882,92523,94102,
-1557268183,6688,56466,
,5371,78926,
,64405,38491,
-1608132348,72772,94446,
1969959698,94533,99164,
-1064576632,91394,31083,
,36929,18029,
701664062,44171,75442,
-1197107495,12671,9746,
1957144619,70509,71954,
1089714389,28927,61006,2
1187636727,8316,60571,
,94762,56070,
2058306605,91131,49864,
1842289882,56158,87005,
-238524346,68217,63800,7
,35207,4789,2
-595793918,43549,81523,
,77311,33540,
,60813,73151,
-36120985,77237,61491,
-1729672342,21525,88750,
-352526254,64896,81691,
1309172825,10685,79224,
2100672928,63453,90072,
,18166,70660,3
635795902,26611,30722,
-1393862959,43733,52230,
237340443,98860,42654,
-932767584,48893,83056,
1842289882,1932,1881,
745169391,38332,71360,
-706936375,62307,46957,
,23389,55114,
-1998317489,46857,59446,
1787103505,26553,50347,1
817541260,36431,40715,
322870678,74220,34574,
375649356,98417,38373,
701664062,41999,6778,
-1228647343,60802,14968,
,6693,31046,
,15596,66181,
1395763416,61358,9170,
761556613,21874,5422,
-740910922,92942,101,
-126623368,18228,67877,
-457188657,81044,27032,
-482730575,22671,49192,
,66377,11522,
1715051584,20960,45409,
354908706,49560,79344,
-1479100438,73150,47998,
-645171248,95368,88653,
-945627184,30088,87358,
1382474193,82905,65260,
-747920002,18842,29563,
-1479100438,71368,98007,
500692417,7547,45664,
241407171,41775,78905,
891882894,94339,97467,
1025065778,80906,13149,
345687117,63348,29930,
-1577954915,52645,38214,
1490442474,86452,10382,7
,2855,62661,4
703002530,4699,23072,1
-706936375,11710,38935,
-1178520497,41066,51812,3
983173018,25759,24250,
,12382,67507,5
,65058,75533,
906533926,10212,88336,
-1920161246,29403,54902,
-706936375,80808,92258,
1395340435,89520,44468,
-2136199405,58269,22578,
626687005,8749,40504,
1287216923,15224,87727,
-507317578,27662,82915,
132027910,83354,403,
-1129594631,57135,770,
93628391,14652,60004,
-1395512334,88098,62502,
-745435069,62868,67295,
,89882,438,1
-706936375,49790,84428,
734546365,20413,78676,
-588177967,99208,29093,
1842289882,30372,54055,5
-1268099724,50785,58519,
,82890,92084,2
-1178520497,2107,75868,
-1249549242,45875,29465,
-2045716319,94591,48195,
,29588,8764,
1123260251,75099,49593,
-2064625051,30337,36178,5
-173450634,14725,69458,
-869000298,75423,96641,
-1729672342,83319,86040,
858038471,82917,39979,6
-1347656347,94200,5747,
-858441987,48787,57344,
221079939,41660,93600,
-706936375,48911,88327,
96427341,64149,83638,
1842289882,5603,7888,
-1194474013,69115,45994,2
526572635,31110,28819,
-1317648422,58952,29695,
,64062,85155,
,56957,64338,
,2379,82374,
,11515,56630,
-1580890811,58115,95113,
2056530194,43052,81924,
1550527794,94140,95765,
-1875781821,82607,39794,
-2071331014,81404,43514,
1842289882,91234,77483,
-2000728766,50453,63552,
-461311162,38461,23700,
-826262820,56600,28562,
-1450452047,38408,6754,
851331596,28665,70307,
-835485366,76250,97217,
,90486,58263,
-2117900795,40288,26528,
-2039400857,35156,89611,
,56432,91430,
-12540698,72816,13571,
652602350,22689,47928,
,70051,6177,2
426814678,30748,14081,
,84689,79836,
239056557,65801,97667,
-671837583,85805,75083,
-1249549242,6358,73421,1
,55216,4074,
,22187,90282,
1258148427,847,93654,
1577338013,67603,48329,
1702646753,5437,8645,
100351576,54251,54035,
-1729672342,13898,17635,
,46184,63047,
-1729672342,9974,72144,
452078048,11789,61825,
,34176,41756,
-777306181,50658,47240,
-826889420,76426,12658,
239056557,85397,9159,
1484678270,28166,95945,
-870496953,74055,21606,
1370169583,80107,25982,
1138069801,35213,47569,
817943804,59846,42949,
-2128689904,62403,23105,
983173018,48958,58746,
-714321508,64667,13101,5
1797298918,31595,57205,
-937672597,74204,1582,
-1139078697,13962,79191,6
906533926,98127,14367,
735246198,5533,99099,
-15403733,16490,16791,
,16920,59307,
1907999253,31344,5647,
-1518108992,9721,9619,
-1022889608,32140,16330,
1096865746,50193,77540,
1152403874,63944,67653,
2125098098,91118,61250,
-1712780438,28181,86287,
-1249549242,76343,83801,
-2021634283,93767,26881,
1764672634,43688,60913,
708296900,32040,54047,
-740982174,49837,1073,
-1963815807,54962,55433,
-1178520497,90201,46375,
-1676014671,28194,46460,
386107177,16782,16843,
-706936375,37797,6965,
,13751,89142,
,18423,42148,
-893030757,81897,90011,
1614904801,78514,38616,
1652150603,9754,21566,
,19008,80259,
-111706242,74659,92330,
-706936375,41264,7734,
-1519545017,7785,74311,
1878504463,88112,48193,
1797298918,37749,47952,
,32715,97153,
,59909,43426,
,30172,3447,
-1136272283,59753,61965,
,25542,39100,
-1433426802,88332,11185,
,13900,33939,
1766033845,89213,22937,
,44430,82156,
2017313272,61131,22247,1
113435620,57742,59030,
-706936375,56795,15001,
,63942,82607,
-68454770,42528,18877,
2024954123,9320,10948,5
-140608316,29893,32399,
650267142,56375,69017,
,55494,15299,
,34412,65284,
239056557,23152,46034,
-742151094,70472,15156,
-1283916414,98688,18961,
-1710319664,94787,8893,
1895051902,49639,81077,
-240846128,27029,39767,
-1729672342,46533,91038,
1215420760,90756,78417,
-1363171703,81592,81319,
-2050002339,38081,31167,
1902455216,60336,110,
-706936375,28922,958,
2054495533,36485,72035,
,73450,98532,
-569929283,78841,74742,
2052766224,59624,41697,
-579821929,12089,83147,
-147148642,66199,17251,
,2461,20091,
2101342322,50536,53447,
-2128076057,78369,81767,
809207334,14884,59985,
-1166806078,77219,32309,
452065056,11285,30933,
,3456,95103,
,16545,88001,
-18264026,45414,75416,
-1042243880,46638,80389,
-1700424528,40959,20106,
-1805356787,90627,73740,
103468383,15381,88210,
386107177,9729,56088,
-2116784832,65902,50719,
-1196707897,42112,5106,
1253603563,34037,12353,
2135417526,9992,15361,
,77277,44964,
-874857134,1927,47189,1
-2114851893,63872,15543,
100351576,83321,68258,
-653857288,84777,68635,
,75358,10926,
-1024396905,51556,99283,
4746339,92353,27931,
1842289882,1559,11698,
-1772912596,2382,52735,
239056557,82116,90667,
-106248677,52397,12132,
-2135279257,22075,26399,
2056530194,26703,33369,
-824356636,86512,34309,3
,68238,21332,
983173018,24054,339,
1766115737,49710,96960,
,13055,83626,
1864886519,45147,3216,
-898181641,50718,23853,
734546365,86144,25335,
,58908,79465,
-871487205,79592,37836,
-1249549242,30118,67670,
1583713957,3094,1825,
1906080617,68132,87043,
,6179,30161,
-86948898,59357,79282,
-509521914,60176,43200,
-896593301,34377,75053,
-706936375,33088,69147,
-1249549242,56432,50382,
983173018,65501,25507,
,95712,55423,
,88473,44638,
1669883685,1693,49511,5
1552033109,78854,24603,
-1729672342,31969,70226,
74714685,47177,38187,
-688262849,39144,29141,
-1384963734,9828,75000,
1743006460,40811,80061,
292730013,91987,95610,
702896170,53483,80446,
-855869083,87412,25076,
1002722725,20928,95615,4
-109815886,6908,69533,
-1171573828,85735,36070,
239056557,92824,75003,
,2334,47249,
-442769002,26823,74781,
,15914,45768,
,30236,75343,
109565089,47605,11942,
563402856,78411,38078,3
-1249549242,81635,90412,
-812509559,5723,8552,
-1307276496,17096,16117,
326543919,55145,35798,
-1241275430,95606,19055,
-990381062,34130,38329,3
-706936375,66736,18136,
,58116,8853,
,97172,61405,
-412449298,37061,64561,
859461317,26838,23583,
-1729672342,59647,79588,
-1706456602,80887,54574,
,1879,34631,
-860427443,80792,91187,
-706936375,24719,75490,
321956628,40810,85350,
-1823152092,39183,87069,
453733846,61765,87455,
-1013119466,74860,24099,
1643999128,2578,87593,
2049396144,10729,19386,
-2051133440,76088,5211,
1675496815,24854,98409,4
1424344180,52527,45258,
,51625,78825,
-1544114370,48804,75557,
239056557,81305,17242,
-1968358408,61749,55289,
-2144502539,81506,51970,
-1249549242,32209,91622,
1757177525,12425,98792,
-706936375,6001,87096,
-325663314,78428,34155,
380309352,10863,27384,
113584772,42294,75493,1
855681799,11924,69625,
-706936375,11586,85813,
684546955,90758,63149,
960990807,64041,68991,
983173018,64787,99999,2
-579286449,20391,28516,
-525807262,47319,67056,
983173018,85843,41245,
,57497,98699,
,77440,97541,
983173018,77109,5522,
-322572246,10652,10635,
735246198,33194,32992,
,25781,6790,
-1402185893,72520,45610,
439307890,79911,19524,6
1937442607,27891,59943,
1740618376,54016,38662,
1343921656,93236,76913,
,52366,88186,5
-60467935,2773,40498,
,3271,35917,
1550527794,42721,86804,
1966654874,23005,50224,
965014829,20961,70567,
-673199897,78307,35876,
1443105789,14813,21360,
-1376615547,3893,33268,
231299996,33608,3278,
,82786,97954,
,90559,11680,
1512362501,46974,29017,
-1014723853,83958,73997,
,7268,28928,
,90549,19908,
,25225,36251,
,33870,12329,
797290375,66527,87007,
,90918,45527,
-706936375,67988,75372,
,87294,47146,
1197158401,17620,39960,
215907880,53841,38514,
983173018,20316,75648,
1456309682,1194,45197,
-758679800,81836,79444,
664964077,17251,65745,
-1414321652,99832,48524,
,51634,11776,
-799433701,10860,67526,
,78167,34436,
596862260,65161,73480,
-352526254,44158,71845,
-625194596,12295,32428,
,62435,61202,
2142092019,53695,5888,
1823508741,4376,57594,
1842289882,60414,53613,
,40292,37405,
-1249549242,93565,7477,
,25919,64967,
,37636,7987,
,91801,70354,
,60525,35757,
2008489294,62944,21075,
-2052190564,99553,27889,3
636130037,44597,83796,
687037430,47509,60816,
-1548853498,22095,23085,2
1140600311,31727,17469,
2058360957,53203,87134,
809207334,32753,84183,4
162717265,85870,20107,
1870815444,41545,30921,
-1178520497,42385,32525,
1970579987,87230,79230,
545946537,92105,14022,
939430941,38621,80784,
-706936375,62130,53866,
1456309682,6088,62383,2
1966654874,97146,68901,
,80573,63339,
187611504,41461,46002,3
-491405937,48769,45939,
739706522,29028,48719,4
1564287053,72946,23027,
855494025,78966,8813,
1224386150,68816,43000,
-698715621,62815,2581,
-226367786,38335,64158,
-1856322034,24179,82920,
,44313,37021,6
1054469184,79406,80836,
1742493395,37681,19401,
-1738155390,36231,18019,
,67632,90424,2
-1471761496,83419,24995,
-706936375,90526,16909,
92139741,51231,33346,
1454952644,3217,69795,
963037667,74484,87681,
-261832399,51654,60158,
,7643,34712,
,58711,44787,
476803806,7183,24564,
-2045716319,92865,23382,
,85076,55758,
-356302359,40743,74060,
-706936375,52016,43772,
1586340830,66828,68503,
-706936375,62366,53456,
-1181029670,41499,73082,
302689859,68984,1415,4
-582609893,82708,97530,
531899683,14564,31541,
-322572246,898,73173,
-656430202,39100,74503,5
,74832,19937,
-1729672342,41780,66902,
1530835895,73769,3084,
-457615373,11582,93452,
168838133,17596,41011,
-1013810938,61585,82177,
878791773,93025,992,
,35123,31673,
-1226863308,93556,52826,
703660132,32219,76335,
-1347779465,57009,60781,
-84131001,1850,71331,
2100042330,16347,21596,
882932250,65674,38079,
,71900,11773,
-1729672342,79886,77323,
-1665666290,30434,58976,
-727692199,48653,53261,4
,5699,60827,
983173018,36262,31028,
-716481951,48955,55084,
983173018,66697,98702,
-2051133440,28543,34876,
,42470,88375,
1624915462,46080,17943,
1412929404,81508,12284,
1682302507,7578,83840,
,97776,48760,2
-1671874755,51963,33249,
-42189848,435,87269,
-1601169728,32364,92643,
2112645993,42708,58045,
688684288,30247,4446,
,37460,46892,
233360830,8506,99065,4
1842289882,28728,6854,
239822251,9641,11270,
1092077999,24802,78975,
,64473,75224,
1764672634,72613,47445,
,23970,78248,
527599646,3026,69041,
1842289882,24814,90459,
989751356,51615,28205,1
,82044,55696,
-1316035184,96965,30820,
1294962844,2444,9869,
-706936375,98371,40834,
-55272438,5985,86782,
1550527794,15629,88211,
1635296363,30052,37255,
1523779261,74868,85582,
983173018,76709,73065,3
-715168336,65041,56385,2
,12404,4408,
702896170,21331,16152,
-18195884,95576,22237,
,84551,68202,
1500276428,23480,48452,
2106511510,29219,93649,
1671510269,72337,41530,
-706936375,12676,18603,
,27707,69338,
1070202896,16686,20163,
-912014787,43784,83656,
2083974909,43538,87141,
,82381,54333,
,34264,63941,3
,477,40031,
,2577,61805,
,13918,57095,
-1609269780,83078,48029,
1044621756,98807,75381,
,95104,65321,6
1744700797,84128,92787,
-1386733692,26401,81227,
1797298918,63757,83177,
,46222,41924,
311677900,53472,50976,
1842289882,21212,76237,
-2084087386,31808,36071,
,92730,29667,
1695269290,19583,3133,
1854989705,52323,51270,
1470989201,84022,72270,6
,42301,95223,
1710080504,95121,49530,
1797298918,84972,57127,7
13230290,170,42286,
1738180495,2998,92443,
-1882680964,54639,24068,
,48048,40746,
-1729672342,99370,42665,
239056557,66627,51720,
,36639,6728,
-1951832030,43998,7966,
239056557,5717,54635,
,62785,69042,
1263148189,59296,28199,
1196334490,49956,3223,
1057238142,6010,90224,
-1192881654,24705,13467,
-1804019536,24482,8159,
457972524,13124,92110,
-1430154183,78591,5160,
-1423798554,20978,66772,
,81420,7461,
,27235,1363,
-1942456932,62903,17596,
1842289882,21378,38027,
1007928833,54439,77101,
1842289882,88073,70742,
1844928896,5066,42475,
-125698415,80160,92722,
,52281,37062,
1537812847,47911,24735,
,57739,48397,
-1997173531,64052,42651,
-2108855051,39184,60457,
1743006460,9381,51820,
1842289882,49880,84456,
-1117134237,64336,5599,
1183467637,57180,22713,
-2083973562,38160,74527,
-1055867382,55254,15745,
80181491,25051,21678,
983173018,81636,94841,1
,66780,46284,
1309172825,98071,93904,
-401807273,33526,79049,
,89080,37928,5
1950828306,7254,81476,
491125779,51497,71797,
-1249549242,78275,94956,
761954224,89348,5519,
,9107,59356,
-1178520497,28112,55757,
1449704909,29750,88316,
221079939,34331,63434,
-1595353054,56125,24856,
-758632988,54341,89799,
1781914079,28345,35856,
1382762615,48106,56017,
-401463602,17473,1487,6
974651049,78430,98498,
1842289882,39012,30498,
1027648190,85247,74382,
767610216,36514,14497,
,82803,80689,
514509645,90761,87235,
-1636479997,94326,91316,
,13660,18323,
-1826187703,14444,1613,
,14222,21753,
-1319425241,64587,99239,
,57055,30984,
191026657,79210,47393,
-706936375,62573,32604,
-1864895285,14571,12873,7
9339376,48835,78985,
-1473643070,81877,22458,
-1397092964,10679,6377,
305384748,15618,93111,
90170855,7114,36164,
,12852,78814,
,36978,78872,
,47569,94081,
-2045716319,94124,96449,
,10127,45845,
215907880,61615,57941,
-1228889980,93190,3314,
1842289882,79545,14335,
-706936375,9519,70505,
663424977,61860,69664,6
1231963417,53943,921,
,37854,91623,
-136107006,46343,62400,
-670973579,81582,48448,
,77911,36012,
-1700424528,72655,79917,
,82364,81283,
,58651,13249,6
-299169611,63613,74884,7
1842289882,10345,57694,
1842289882,73908,43884,
-1111159754,78765,76534,
-706936375,21826,12427,
,78180,96563,
-401807273,32230,29782,
,85724,42162,
842183092,97578,31457,
983173018,38389,33928,
-706936375,6356,26510,
,51286,53406,
1809592363,8621,61202,6
,6606,75478,
,96164,86143,
-1868746712,95416,12,
-855370615,86812,92965,1
1969245349,8241,54640,
1343921656,85746,4885,
-621290926,42140,42758,
412563200,69749,88618,
-1452638166,95915,2265,
,29185,76383,
1242729180,84538,52915,
1752296292,61988,82213,
-1050274566,82904,61273,
,33306,88884,
-1729883161,74138,50769,
-1047176130,48054,25327,
,42400,85208,
252068344,12740,56001,
1228641408,15474,18551,
-1715324888,89546,79467,3
-706936375,24475,8533,
-2079465190,46388,60006,
1189821093,18854,10070,
1353575887,53418,61444,
-1263349293,48744,35613,
1091740570,56126,2323,
-1306363401,6125,46080,
-1729672342,7043,35676,
-1729672342,80990,87551,
-1729672342,75518,65622,
1145163371,15196,99579,
-596295537,54209,80651,1
-887787210,70945,22029,
1049104918,41090,31133,
-1740211024,13874,661,3
-1046701568,17983,44414,
-2015902436,86291,73601,
-1155786634,30262,83140,
-1992763657,8769,31097,
239056557,25360,55905,5
,93578,99417,6
817943804,56042,22988,
-474933927,35556,46592,
-442769002,64829,61470,1
-1935046545,45581,13790,
-39102513,53474,26325,4
1044621756,36632,49497,4
1286134788,71031,91594,
1248163212,52903,30959,
1842289882,68653,71627,
-135721362,99259,53940,6
43930190,78757,12452,
-841718163,76406,53862,
,9329,93629,
1842289882,50356,19123,
1842289882,30603,77852,
1792042814,30311,13973,
322258411,19332,92406,
-706936375,90436,56263,
-1941785948,54775,1198,
881179613,61762,35676,
-335246050,20990,5778,5
,23687,19541,
,85112,56192,
-1076326585,41912,64311,6
1493217658,16880,12033,
1936502314,42039,88765,
983173018,89076,11086,
321717114,63788,27825,
,95766,74002,
244060453,52626,93006,
891226017,44272,38221,
-1298089995,73227,78869,
983173018,57717,13226,
-550908477,11621,7479,
1325655347,6578,13183,
,24405,3345,
1080926007,50407,62746,5
-1234080488,88485,15746,1
239056557,24273,76005,
551398677,22129,2275,7
,78595,77618,2
-82234318,26309,91307,
983173018,37627,92272,
-299428269,29982,35077,4
,53766,14997,
,19319,7853,
,78184,79938,
-907570803,45278,93499,
,66053,52221,
1156536744,71790,32279,4
2015007973,28936,40353,
,23947,15900,
701664062,47222,50602,7
,5102,54384,
-1729672342,57311,1060,1
-528006316,83858,12229,
1766115737,53798,32036,
-1178520497,16251,72968,
864033886,49897,96827,
,14524,81841,
-1597269696,47554,25675,
,82234,72179,
733944291,41450,96074,
,11813,50549,
377483782,30538,49998,
-706936375,41835,19585,
-706936375,56157,85102,
-1729672342,50633,30333,1
1200736393,73218,10789,
1619676385,89908,25469,
-727907310,10372,34778,
,46640,61213,
,47232,95884,
,18433,24107,
-1638877882,53723,27444,
,45121,82656,
2054495533,99680,92272,
-1729672342,91705,72508,2
-885027011,63009,30985,
1684997706,87503,69486,
-387309438,10919,48901,
159010298,50218,95673,
511477793,68909,15227,
,79199,30038,
983173018,97801,90945,
,1398,30641,
-701811775,86625,25508,2
-706936375,10338,32406,1
-946560543,9718,51912,
-1934737183,79291,20899,
,64241,84404,
,8163,71478,
-1437375312,45489,8619,7
-1729672342,71947,20289,
-763112784,70327,39042,7
245389576,76389,73161,
1030832045,31765,84398,
983173018,75628,96892,
543048530,30510,85262,
,51428,29923,
-1557268183,87638,21102,
-1614036898,36701,29671,
-651342143,48893,2654,
1357750556,95527,80398,
1842289882,74764,12986,
-681003254,70866,30746,
1917142070,74122,12358,
-1540397460,22047,22832,
-704359057,82318,97612,
,54822,12714,
739706522,14779,62721,
-706936375,28796,9101,
1945140887,60785,84340,
-777306181,75159,34904,
,55602,92379,
-1195696455,12553,63472,
-1729672342,82990,26707,
644237492,17534,18160,
,42525,77463,
-2045716319,73773,21573,
,71077,23574,
520374308,6489,1810,
-1249549242,19635,90674,
-2055070115,37651,65035,
-575369474,25283,89659,
239056557,70827,24163,
2048631604,42410,52648,
-877350151,56887,92608,
-706936375,12949,33343,
,82938,325,
25504681,74890,39898,
,98192,35370,
877635940,46325,23773,
,79616,71563,
-937672597,3348,57885,
,61117,72530,
239056557,65208,71853,
-1189547003,32150,70141,
-1249549242,33150,2216,3
480282640,44067,43794,
1770600804,29891,98325,
,75235,56140,
629805218,97801,10523,
-885118237,77453,43512,
-1024396905,24978,93786,
1767511468,71898,37629,
1609733368,78462,24880,
-1832407049,76619,63804,
983173018,27918,98768,
,35034,35995,
1954830547,85875,62910,
891882894,66342,2777,
-1249549242,74987,76105,
663424977,13442,99581,
,90666,98715,
1365718976,90602,53309,
1797298918,78731,38365,
-589967060,95641,13489,
-779337274,93828,62579,
-2096944432,93364,1415,
,34033,56736,
,41712,84096,
-197008526,47122,4845,
,15736,17759,
-1729672342,15888,78069,
,14777,91911,
-1729672342,74633,54186,
-238219257,171,68952,
-652784051,65336,88653,
-100156799,86577,8557,
812645645,83536,87246,5
452078048,54756,84658,
-2132526532,1781,51365,
1996968677,63544,92822,
1138180040,13569,18216,2
343389809,26777,36030,5
,55375,98962,
919674197,1246,6484,
-396671561,64235,94750,
983173018,38042,38812,
239056557,24768,80309,5
,47269,33026,4
308161304,95254,52307,
-1410670552,52958,34278,
-1055867382,35780,83606,3
,87325,45199,
1616232696,60111,33065,
1236163150,6328,97545,
1779392626,95446,5377,
-1024153310,82854,62474,
1146320010,80631,70670,3
-635608209,36490,38521,
726129528,29039,84019,
21754421,79993,4582,
,84683,51751,
983173018,37445,94133,
983173018,5923,15398,
1477861942,39088,77732,
300771927,24730,11787,
-1132185768,38066,2354,
1491119336,43213,2382,
1940573806,98064,76654,
715590768,34186,12500,
983173018,93615,37211,
-1071774165,1274,68511,
1652767738,43882,2415,
1810022896,32068,12048,
,4321,16287,
546792826,54247,24435,
751110641,16330,68429,
983173018,89756,87100,
2133342197,95943,29574,
-1023263562,5754,84339,7
-2073145445,47915,49569,
2090490523,60702,56713,3
,36009,23418,
-879378692,2387,43154,
,53058,6430,
-421660922,17694,64197,
-227918667,84260,11810,
,80939,27234,
-1238085840,37797,59204,5
1243220198,74087,57668,
,98114,75951,
-411475486,39907,93204,
-1064576632,52062,10077,
-1123053611,58628,3555,
,22648,86746,
,31180,98562,
,45078,4883,
-910735115,64949,67487,
619408270,23048,89247,
24006582,17307,1268,
-1918355996,43332,31104,
1819347241,76450,79313,
,98218,43773,
-299428269,20487,36244,
,66738,69993,
1639885986,50610,548,
108554272,81633,43692,
-1729672342,54607,27046,
-731193245,39890,85100,
-583475929,67,319,
,51715,83199,
,9074,89230,
,50985,5218,
1842289882,95329,91991,
,22488,29786,
1825753855,49098,50199,
,25554,44834,6
,86188,78052,
1801394843,33440,53017,
1447160750,80326,28543,
-67680804,63179,4315,7
983173018,49642,19558,
1443105789,83198,60583,
-730180942,37357,56861,
1402173030,26497,51919,
-1669119967,6868,39907,
,92406,86725,
,55880,2949,
1361582712,92714,79250,
-630566725,12730,52215,7
,1208,3812,6
,63211,80838,
887771658,12001,67292,
,1934,24888,
983173018,30615,62,
-692401291,29036,803,
-327719545,30502,90952,
-2083973562,18608,30109,
-2090439511,93773,4177,
-818060788,85519,43306,
,23321,2679,
663424977,29498,56207,
-2085731099,25657,55412,
1060033568,70984,65959,
1494061024,29184,97615,
,35087,21886,
-1864895285,63944,38363,
-2096262135,61408,39917,
,60243,28874,
735544461,18347,91443,
1153901541,58818,80874,
-1249549242,59872,42551,
-412206180,22750,991,
-713164983,13267,45235,1
2046205733,8394,17099,
-587955787,16968,81913,
-1307276496,9970,4259,
1298818634,62261,97877,1
1774714529,42890,69937,
-1871717623,16878,61705,
,17621,98141,
-2045716319,27557,97288,
,80949,57738,
,10409,86226,
635755934,11793,25254,
-1262400641,26221,89497,
-1654752182,94542,27440,
,46025,89602,
1456309682,17730,53010,
356156784,61612,64193,
23124728,15013,23077,
1355686805,85974,77537,
1838977126,66881,72751,
1296514721,41940,36860,
,46553,42469,
1866291863,19083,43006,
,40882,42637,
-1249549242,36164,27518,
-1062002649,38266,67634,
-1876814015,70397,191,2
-565063481,78007,16903,
1652855487,47810,21735,
-1533252971,27297,269,
1988776234,2368,78860,5
,61102,44363,
-673199897,60125,79387,
1255796868,13831,4511,
57942720,84263,46561,
-1665666290,52022,4177,
1801394843,51323,36381,
-596710585,93686,75984,
,10910,93268,
239056557,4298,91858,
,95505,87595,
,81278,62245,
-1828659421,26484,12552,
-717249518,66011,81775,
703572588,32407,6199,
-1328277298,65309,19869,
1418318692,62836,55469,
1684387965,81523,8849,
,67623,82484,
,82848,1083,
,72496,44650,
1049380622,60589,90420,
,93167,18032,3
-1807123605,2170,54385,
1619676385,11600,9848,
-1729672342,26078,91445,
665854873,14524,48989,
526170709,39508,17939,
1766723791,44394,68789,1
,2094,43242,
735246198,40388,65510,4
1673957940,5218,55254,
,34938,33562,5
,99916,99693,
895082639,55341,17915,
66641959,49863,54862,
702896170,47990,87630,
-623605222,32045,45608,
1904160982,37853,70210,
-1595353054,39399,32578,
1056850173,34405,75165,
1345658411,41335,95006,
,40517,79759,
-1562973595,94108,7101,
,6856,4431,
1940573806,94177,49517,
-2045716319,98442,40566,
,22689,80192,
-1729672342,42885,45729,
1128319275,45135,49129,
2085236515,55639,47324,
1738371301,58747,89380,
1842289882,78308,41096,
,82228,59470,
-1279479244,3148,6514,
,39830,25381,
-1568751221,3088,85708,
1681560636,28294,11146,
-1178520497,7385,61098,
-1087171513,51761,50203,
-588177967,77928,62962,
287621881,6798,23908,
496650349,86666,9829,
,85677,44726,
-1305763312,47432,4805,
-106360416,28028,80409,
-975702960,12622,3016,1
2058645033,70767,54573,
-1814794971,13075,24489,5
-860427443,75367,93305,
770413456,65482,78134,
,4106,69134,
-1709940381,72954,80248,
239056557,14554,84913,2
-485101054,97970,42832,
300438141,6915,87262,
,56599,41069,
887771658,9754,43766,
-309252753,81243,48970,
,44638,71965,5
635795902,81980,89131,
-279858319,86366,2940,
-1671874755,92151,23332,
57942720,31904,1185,
1787015932,75093,95784,
-1729672342,53826,89159,
-1583345470,80632,61885,
1842289882,16092,96001,
-95752641,35339,32562,1
,3330,14355,
1679189688,30205,97764,
-74991322,7663,60623,
-1249549242,6345,83571,
-920376055,49236,3166,2
,67347,72856,
-427175463,9882,92662,
-299428269,83942,12785,
239056557,97996,96153,
-1393862959,95456,51314,
1858860703,59230,30640,2
983173018,28604,22566,
-1618498678,36815,54122,
-1729672342,81111,21397,
383450062,30966,84480,
,78666,73715,
1880900869,27447,97037,
106152736,56861,23605,
,33295,10543,6
,43829,302,
,20038,5390,
-706936375,32741,73489,
,589,42398,4
-1515529034,19981,76866,
-1393862959,16613,37730,
-803004429,59968,86698,
-2045716319,4245,81443,
,83174,95111,
364820425,24487,6628,
1456309682,32998,22986,
479370169,69066,89803,
-1563812166,13593,78192,
-654346285,98000,81525,
,36880,61825,
2080758219,91368,46557,
-1523266260,32756,59044,
,92416,91772,
-1283916414,3626,14827,
-1030126511,12578,16281,
-1219788128,28495,40338,
-1580890811,70896,3984,
-618548446,72530,17294,2
173744445,86886,33652,6
,27757,10796,
-1249549242,58254,87119,
-615597740,86659,13230,7
15619082,54543,91361,3
,39839,20279,
1845582277,62260,19840,
-174983826,50219,98776,
1248543665,5200,8399,
-1178520497,49863,83248,
319790590,86613,62638,6
-364135512,79579,82282,
-471425300,57562,65033,
-1729672342,50668,73941,
1808422432,96772,72742,
,19655,96222,
1170609139,97450,51636,
,36350,41771,
392027429,29186,12636,
89704799,24505,48993,
,30711,35148,
,7739,67535,1
27795965,87729,94474,
,61952,52203,
322258411,78427,34893,
-1514834262,89070,31058,
1279489379,66705,67612,
-1074897397,24321,13372,
,20810,64850,
-1251083105,17376,2187,
1918477970,69040,20607,
,70906,58291,3
,47248,82432,
-1538028720,42443,33113,
-1156781777,32491,38804,
-1363818676,84715,82420,
-1178520497,89441,63854,2
-275072285,88921,16277,
,40146,86615,3
,88671,32903,
-706936375,38536,42326,
1787649628,32059,13303,
,86106,46141,
1287413638,68134,86417,
-393483424,60556,93699,
,26882,33327,
613500215,3890,22059,
-501432045,14443,43132,
1588219223,91869,49143,
1661058744,93734,59533,
-44064551,31383,93827,
,54949,32443,
-768204912,45383,97030,
-1700424528,49698,89278,
,86554,49016,
-2031906844,91966,44160,
,55383,13645,
261380979,64692,68022,
-471913577,74043,77187,
,12943,50792,
,1297,54510,6
-1231850689,49912,13516,
-516423622,88841,31442,
,6363,14130,
-1708158132,97982,68222,
1146320010,36002,73005,
-1868364934,29302,36594,
-2133889125,98390,935,
382772655,45877,28299,
-2017290136,19537,52839,
,61773,41426,
-1505860502,4531,98047,
,59235,34382,
,32109,57657,
-1007890443,14605,24869,
-77552283,27666,77787,
-1729672342,31186,45917,
663424977,65756,67101,
-1962414136,94623,33186,
,73002,82429,
-1709940381,78977,32895,
1618320731,6846,17956,
,98865,1380,
,36921,3408,
-1149179860,93647,15264,
1345658411,7857,94571,
,41852,90844,
,62517,12949,
1178559505,53393,48965,
-400177176,48477,35763,
-1319425241,16048,16801,
,39568,97315,
339507888,23297,1507,
129196451,75580,86602,
-1729672342,37417,53573,
4783495,98683,4087,
-706936375,21587,92954,
,37270,98363,
-733320306,87889,3964,
1502990647,15992,44280,
-1700424528,14414,54642,
1957144619,87602,13426,
,49869,63585,
134120298,69867,12024,1
-681270262,7058,97668,
1471869766,47433,67999,
604233673,54042,11220,
1687896099,71689,28314,
239056557,23191,74702,
-986742922,63249,12240,
262114182,64755,53354,
-1249549242,89448,14771,1
-2143353591,11541,68044,
-418468444,92012,24911,
239056557,15394,8070,
1470067396,46175,16108,
-1157886302,811,17249,
,74218,51797,
1540253393,76160,50125,
365156578,67448,85560,4
324640838,60205,80787,5
180759936,35203,91570,
1842289882,89845,53846,
,18284,85569,
-706936375,77067,27191,
-1100066354,46591,82923,2
,96415,58796,
1575207332,1880,71180,1
-1249549242,38087,9586,
1002165863,77876,37191,
-912014787,6920,13,
1276087884,7673,40095,
-89753697,50334,84862,
790591962,43081,78981,
,12559,99584,
678536042,56274,81076,
,56637,84908,
-1729672342,64082,56002,
545958288,99924,34107,
,18579,12155,
-2045716319,82623,66588,7
-1619280787,96282,42418,
-706936375,75351,66621,
663424977,37540,8021,
,50543,72379,
239056557,28290,92458,
1915169308,83431,28400,6
1398284573,62983,71143,
-1551679333,1302,75791,
-1231850689,74364,85993,
982250380,5108,51553,
,93247,82798,
-1709940381,34564,26429,
-1555241727,94934,71227,
,14056,53430,
-1812047757,32701,16516,
1680485444,31520,6103,
,63074,20043,
1797298918,49173,99687,4
239056557,96775,13043,
1245930376,57235,40967,
-1438659047,30546,95149,
,46935,6429,
1321580336,29728,78196,
1759511400,55050,39341,
1459492323,38669,62970,
-1857727232,73544,97013,
,7546,55514,
239056557,5564,94774,
997087626,78721,92808,
,65255,94959,
,94805,32328,
,64605,46244,
920142093,94628,90505,
-706936375,39501,65483,
-1848439177,55725,31470,
,41283,78380,
1049841401,15016,36828,
1642013634,326,80234,
1429089992,13494,44262,
1343921656,71912,15482,
-1316035184,81240,69996,
-1729672342,28849,27803,
-819025056,76342,79400,5
-1178520497,83893,84665,
-320380313,79293,60111,
589328033,99955,15809,5
797290375,7534,16962,
825960474,5451,86587,
239056557,28420,94384,
50041317,67078,15873,
239056557,3902,59202,3
141552789,89157,3465,
-587955787,83992,93431,
-35662075,61040,94315,6
,9469,23293,
-664440938,7489,38644,
-1467697942,6904,11699,
2132579551,44313,54535,
-552699058,98231,72706,
,36908,9432,
,7605,68881,
526170709,35466,54751,2
-1551679333,17232,40493,
,41956,84734,6
-1609634412,35444,29169,
1740618376,84117,3982,
1772785403,99920,4197,
,49275,40815,
,97145,33270,
-1729672342,49995,48467,
,63510,88226,
563402856,56861,85937,
,18041,32973,
-501701340,3953,17212,
877961832,25770,86659,
739706522,94776,41142,
-901362605,19174,68446,
301967856,15185,48614,
324653201,97849,90779,7
-1729672342,7743,71795,
,41623,32134,
-771724122,88859,90629,
1716654696,70925,43189,
,57955,43632,
1842289882,95668,34889,3
490487546,10016,16656,3
1842289882,72888,79383,
-363265704,83016,28821,
339507888,18818,26013,
-1407774842,29715,37172,
2040766595,28796,76139,
,90654,90658,6
-855370615,37032,38674,
1594320729,11895,80523,
-1420246088,74632,36963,
-1339275773,90204,92400,
82181230,12867,45284,
825049254,61153,38098,
1842289882,97412,40927,
1401941441,8862,10988,
,9312,41094,
-706936375,31898,4785,
1249454557,41801,23980,
234052536,23308,96073,
,41243,15707,
1810030609,65586,44945,
,5117,7489,
1274845409,27003,46547,
1152403874,43520,16667,
,8891,17482,
1107409847,28706,70998,
-1956002281,94584,68737,
-1118306431,33102,69939,
-1909416954,95939,38498,7
,60702,24092,
2130087196,4383,1502,
1351716399,30162,16128,
1520273065,48984,44804,
,4672,98197,
1016864995,27086,28323,
601869994,77792,70555,
,34121,34213,
-2145795005,89402,49811,
-1577895527,69966,75370,
,66434,59989,
,79460,583,
-1590368678,61337,69952,
-1579434534,47388,35342,
,79751,85558,
,79824,26887,2
-3639255,93220,1608,
-2010939037,44272,17438,
1547835717,11080,31504,
696910417,81832,33629,
,83570,61985,
1797298918,80515,96820,
159010298,98904,34717,5
-1347458055,95708,31190,
-1304060852,72333,25036,
563402856,12443,98587,
916770473,3288,22940,
,61095,89701,
1455907977,39128,90768,
,84116,98797,
-1462747431,80926,54724,
-1023263562,71162,18961,
62933605,21797,22613,
-706936375,92881,13796,
-48555314,84059,95782,6
-454376709,89018,51461,1
-706936375,9979,15506,
-274425008,85084,94365,
-1729672342,60827,29085,
,74784,93149,
-1460000219,85455,17283,
239056557,27095,54970,
-706936375,42974,69156,
253656152,10290,97469,
239056557,1300,46792,
-706936375,59449,66458,
,67599,77903,
2000356845,99020,12194,
232401747,28601,55905,
-706936375,46256,9997,
,72156,21634,
,11076,13179,
1797298918,29115,84888,2
,435,39670,
265448567,53854,55143,
,14482,12061,
1212936498,85518,48121,
-1393862959,97681,33935,
-1249549242,27511,36902,
693077211,43065,40778,
,86897,38914,
,31228,45332,
,58839,25460,6
,68341,55871,
-1178520497,59405,94311,
-1668850266,933,29094,
-471913577,84382,62461,
,89761,85208,
-819025056,39059,86442,
,90340,10205,
,41914,51390,
-1996433105,9828,18376,
,22830,83051,
687705858,70575,78758,
25577228,10417,53559,
22927184,81321,47984,
239056557,19966,43786,
72418144,56538,23561,
-1729672342,6968,71885,
,95144,95249,
1945140887,65732,73547,
-222510743,51662,15494,6
-174948449,26210,74753,1
867317694,34150,63373,
,85074,7099,
,78385,81964,
-289572625,91325,16541,5
1842289882,61744,20327,
1190688835,47601,3546,
-984358123,89339,85398,
-1497437643,53419,19646,
62466522,69386,34308,
113245269,21661,86680,
1494826341,47770,99068,
,22005,62826,
,2870,96370,
,75267,95945,
239056557,94749,2526,
,27352,7229,
,74506,96980,
-792384427,46556,69153,
-1249549242,25036,6593,
620925072,4939,54534,
,48893,84009,
1914817636,70845,11644,
-863670501,12440,72677,
-1105663172,48548,87143,
1454952644,50257,66562,
-706936375,36314,45394,
,83633,17452,
1884320675,6892,6419,
-1602593645,91995,48113,
468026548,46415,46659,
847828260,31722,72472,
-1366398347,62079,82365,
663424977,32039,75487,
1578555258,11046,74447,
-1338697139,76295,67756,
-1871717623,49784,99654,
661993899,18943,29044,7
1842289882,85375,90998,
-836577964,41731,20751,
386107177,2405,54981,
,88352,90798,
1813475570,88298,11827,
2048369435,32233,1062,
915607883,89251,81846,
-1714779789,74072,87011,
712889741,52749,62901,
981369726,93314,63804,
1468694856,4630,56760,
-706936375,5125,70864,
1846705673,31565,66081,
452884054,3627,13784,
-1685208178,85451,38361,
-1788085993,53664,72615,
539201119,36221,17464,
1342901435,12279,41048,
506795494,37475,26798,
-1426391293,69912,7496,6
329029526,20701,16620,
-1082136693,88695,22838,
,41699,3263,1
66641959,44033,22025,4
-2052190564,76973,61861,
1474020919,77078,61370,
-1464701466,14504,67612,
-1729672342,98226,19371,
819281172,60108,52419,
1395340435,39656,42536,
,23518,62312,
1671794082,67892,71513,
1842289882,24836,95145,
,22152,84890,
-1188544341,13292,81351,
892968163,22996,23076,
153857802,49932,23252,
-992056807,78588,12010,
-706936375,22795,62894,
1395340435,28362,38291,
217256853,81795,78728,
,71630,75757,
-82234318,9639,298,
2017065534,78151,71088,
-1377019972,39633,2541,
-1378260994,81173,15941,
239056557,15765,92384,
506795494,94788,31497,
-1041029878,5103,35437,
1103213675,36237,27703,
1449704909,37896,45970,1
,19150,27795,
1990773828,41319,59865,
-562089214,9028,4103,
,23697,59637,5
1764672634,83929,63014,
-706936375,74625,76974,4
129196451,65087,14393,5
-1518420147,24074,46121,
1238332901,75590,60195,5
-1393862959,29685,82175,
-474396876,76969,12584,
,5437,93388,
,80555,38677,
1473045976,20318,91787,
561807926,55034,76893,
-1952304190,17089,61751,
-1316035184,26084,46627,
-1795855773,29001,90706,
-879378692,27067,11074,
872828131,67182,83163,
-715168336,45978,40771,
1306246579,9515,33089,
-1398598919,78675,53066,
-986579482,89287,72016,
,81103,69492,7
-706936375,48544,14086,
1532983572,9509,52398,
-1028203114,10258,12860,6
-763112784,15855,72016,
,3302,29462,
2133342197,85378,76362,
-1234456383,32699,35211,
-1491357888,45312,46508,
-706936375,44920,58105,
-1355655240,63863,25206,
-749327004,60406,45495,
-877735361,29809,5967,4
-1677303641,50378,37499,
-44064551,65047,46310,3
-652784051,70540,44901,
,60858,75656,
2123231943,99504,61558,
-1579041291,8676,59551,
-1906703883,12485,41483,
811128058,5713,67928,
580161409,23673,9542,6
-1747917345,8898,50508,
1822949700,86246,81811,
-706936375,93592,81003,
196156302,71662,76263,
1694984140,75065,69907,3
-213896997,49325,71279,
1652150603,40660,38658,
2000356845,70631,61578,
-1789488604,11904,21805,
1577065839,78425,31470,
1429089992,25271,18628,
1108887843,67939,71981,
,81629,4981,
291458627,50345,32577,2
-715168336,94836,98338,
,80610,5728,
-715168336,18599,37160,
,34620,41946,
,36787,8910,3
,85418,43650,
510320710,39891,15804,
983173018,46594,42971,
380309352,42301,32447,
-1121464604,3238,34870,
-1994643070,93211,54451,
-1193089349,25079,4404,
,48077,21383,
,77075,97523,
211835533,69715,70198,4
539243438,69349,5799,
1309172825,95574,9238,
,18639,47437,
176049344,53652,32224,
-1729672342,90944,92526,
1194947564,64277,54024,6
1223724695,13526,58760,
1842289882,1031,88181,
-2133724380,71071,83106,
,50329,50752,
-706936375,26195,80039,
1229852767,75289,6304,
,6730,35934,
1896370844,26034,72273,
237340443,55852,2784,4
-2059118607,70659,27956,3
1289723050,25710,70918,
,31594,18032,
1067380260,10372,95770,
,22760,7656,
-507317578,24186,32742,
-884178038,43639,47005,
-1127351088,86941,52029,
-1729672342,12983,64120,
-1700325929,28439,4209,
-1230097764,95395,15056,
1215377425,75307,98702,7
886902234,39233,31291,
-1638274138,87581,86082,
-2078066116,76385,63716,
,6010,58741,5
-1729672342,5357,14565,
239056557,17948,78148,
838121546,11348,84013,
187611504,73894,88919,
,8874,25937,
1312662548,38023,89482,
,84541,79136,
,33099,26303,
-523796181,40012,45063,
1842289882,85091,82980,
-1086436028,1811,76222,
,79917,1768,
-1518860425,92134,91600,
,27193,42483,
129196451,69732,69320,
1184817889,14183,35905,
239056557,62154,38818,
5481915,54358,34107,
-1347866471,41369,75398,
232256187,50177,37772,
1429089992,1448,34460,
,31469,76178,
1550258314,76479,30385,
-818060788,76204,83035,6
-1804019536,96098,54960,
-2016009076,61244,3527,
1807464389,45943,49764,
-882597310,97357,17240,
,20763,83199,
-1224312559,94210,44957,
,34451,13750,
-908153043,39740,37759,
244060453,6928,35517,
,62776,44842,
1701492866,48233,96078,
1691427119,58915,16537,
,14292,97393,
-1392991085,2543,10205,
1966654874,16623,16989,
-675075913,2964,5394,
1939838855,72565,47028,
-301366627,92305,71963,
-1499475021,70200,10722,
,37813,65189,
1126635290,25733,58627,
,65431,60777,6
1597432560,40218,55532,
,97865,54276,
938772087,58506,36712,
180759936,41907,59314,
,13262,33622,
-706936375,28816,37158,
,38929,27643,
1757418176,4433,85717,5
-1396906701,92654,9747,
1540712348,63145,47783,
1054567750,18571,12008,
1573576382,80745,33055,
,67237,8146,
-706936375,47602,20557,
906533926,55044,23793,
765068098,96513,82692,
,69521,108,
113435620,37078,32961,
-706936375,15659,70739,5
1455907977,55602,73701,
-1693608688,37788,52277,
,40328,44011,
1175600455,11301,71543,
-231460712,2663,50298,
-2134753412,75837,56019,
635795902,68462,16160,
-1055594811,18570,50744,
-1467697942,8784,7182,
,35177,204,5
-781135413,17264,63786,
1338799761,44846,67303,
-1307221714,17669,69558,
1395340435,97220,46402,
-1473364641,6737,45486,
-1715233109,59783,85547,
-706936375,48256,49920,
812645645,62633,18213,
-706936375,97397,16528,
84660278,8376,65497,
-412701427,11868,35062,
-1214956669,52054,98747,
-1249549242,96386,27441,
1828851582,20137,35463,
-706936375,17365,8660,
-2108176880,83523,98920,
-1548853498,95941,13636,
-1689813770,95224,65936,
-706936375,51852,28982,
1954115912,87158,66228,
,45870,29780,
19427854,68299,24444,2
,95278,998,
734546365,96839,16961,
1441438022,66289,68321,
141552789,95652,75740,
,90700,39686,
510395200,30129,98034,
-1228647343,85613,72309,
-1729672342,23911,11398,
,99029,73671,1
,64005,328,
654281343,53716,39732,
-1249549242,21214,75844,
,98244,64893,
2024039542,5482,40307,
,39420,69067,
-171301535,94677,42990,
-1996433105,83249,50566,
1329187797,12054,531,6
1917142070,45825,66576,
855681799,52851,23162,4
133735854,757,90863,
-833539237,12392,61072,
-1729672342,67552,26556,
1842289882,23734,44669,
-1342574652,52682,21282,
1689833424,21128,77844,
-1372622996,53536,70484,
652602350,94618,80640,
-1178520497,58785,18121,
,73982,9225,
-884178038,74053,58511,
,44966,68494,
983173018,83058,39377,
,7864,16902,
1583055260,34941,95008,
-1909734375,94538,26891,
-603945609,65825,38913,
-442769002,87305,27636,
,22525,7775,
239056557,16833,52184,
283860674,41462,77706,
-1249549242,25879,50360,
739045697,58426,22466,
-1981258024,9425,47707,
-1249549242,12467,6006,
,85628,41522,
606419919,74860,40589,
-119165503,78031,11911,
1577065839,63701,7379,6
,58249,38944,
,95056,25702,
916870762,1124,72907,
1583713957,10732,21033,
702896170,53734,92430,
-462954862,61615,35113,
91892014,69656,28165,
1454534092,27522,96588,
983173018,23321,50069,
455045580,83164,3748,
-841718163,61581,68999,
-1195698741,91514,96657,
,30012,68151,
147953046,41097,38563,
615689600,7971,59012,
-1186121991,27369,97605,
,46560,38189,
660409585,84304,17700,
-1516802178,98512,18352,
983173018,6011,27163,
239056557,35260,99843,
-352526254,47841,62120,
-474951138,50978,26025,
-1457871118,80771,4160,4
-1000223017,90643,44087,
-2069423066,33307,33642,3
-1700424528,94545,18705,
1957778702,3273,85279,
-296038778,98777,10490,
,46765,8418,6
-1729672342,36809,93355,
165910248,69322,61837,
-1715324888,42261,83442,
-1566345907,63135,75018,
-271501136,69493,70260,
89704799,89948,19316,
,88819,85502,1
-1610337910,99434,34904,
,68516,85980,
-1729672342,81288,32060,
1915169308,79586,89142,
-637966965,53495,81137,6
-1623261182,4351,79682,
239056557,22272,43970,7
-1861764510,51424,95034,1
702435747,37215,5906,
-988577275,36108,25688,
-298454758,89740,14761,
-887787210,3589,26688,
-1342925392,28201,31023,5
-786924124,37155,93163,
640664754,42976,97128,
1066708885,45419,7243,4
1471938919,92418,59699,
,85552,69103,
-1178273697,49206,91650,
-1812047757,1824,61140,
-310247358,95151,36133,
-1503555296,39898,12841,
,66244,78644,
-1729883161,44521,14826,
-1922738998,93197,5148,
-720540289,36842,16405,7
2002157111,13746,65964,
2052823795,90943,90082,
-1365861635,32851,76083,
,79893,12715,1
-898181641,27886,12619,
152102852,11047,11821,
-174983826,53976,1803,
410335980,61595,92398,
1842289882,90193,75080,
,61574,58090,
377227368,29918,74718,1
2037258671,81249,64761,
-1393862959,2293,33279,
-1567144863,16494,56243,
867317694,12597,38934,
-2132526532,14391,32748,
-715168336,6890,87475,
539243438,9390,78175,
809207334,78447,59191,
1536645282,98686,99716,
,34637,87153,
-1446866093,38797,18863,
396233747,36782,94540,6
1004532685,26513,60975,
1044621756,35303,68598,6
-65302650,89111,11985,
,18296,73183,
-1638345564,26029,30576,
,20116,81195,
1842289882,11863,45148,
342332586,27633,52250,
,58942,50721,
-1460000219,23758,55665,
972593197,28575,23008,
425250396,8373,93206,
410335980,6988,76165,
-706936375,27918,92772,2
36005091,72748,52352,
133735854,43894,23751,
190033190,38722,43353,
1563886363,61868,45243,
588833380,11006,5613,
-706936375,30922,5303,3
1842289882,96480,26601,
1449704909,30138,82308,
,77150,28279,
,35069,90140,
-44064551,88027,23312,
-1222021917,89239,43881,
-587955787,76510,14127,
,98987,25353,
,55940,62716,
,76010,32078,
1652150603,9587,46524,
,80189,66213,
-2088192195,83525,21835,
,34007,57647,
-2077200050,66588,76470,
1590014581,62305,11857,
,78467,61922,
-1577895527,88175,46918,
-50611526,7306,26493,
815664629,88648,81163,
-1178520497,98141,35739,
-1815895797,9469,91280,
,65819,37517,
-1208381263,61509,22506,
-1578791498,52411,3963,
-2031820723,48050,24382,
-859761677,52749,15974,
-1729672342,69939,47154,
1255065286,49614,54659,
888367461,34634,75969,
239056557,6935,19849,
-1468260391,29520,19764,
920142093,84893,5596,
,38255,79625,
1842289882,44537,49539,
,40506,71607,
-769370522,87513,61223,
,13889,30235,7
-671837583,7829,86140,
,30160,58425,2
-236798134,96342,47703,7
-794124698,36631,23167,
1008257294,74796,47625,
454730301,9004,94979,
-1056551348,85866,98222,
-1249549242,8519,72635,
-706936375,96835,57344,
-89353738,98575,49041,
-706936375,80198,56392,
239056557,8479,99730,
,35062,41743,
-1799672315,61677,90318,
,96968,26944,
-1088744550,1022,26796,
-2061465849,7782,7955,
1906658970,83706,61333,
1560418493,33068,6975,
277451002,20356,58115,
-350385342,16812,23733,
,69459,62319,
-1729672342,53737,63236,6
-1729672342,87784,90410,
1229852767,21022,34931,
-1555241727,32262,58744,
-355485630,3216,9245,
-706936375,9738,19486,
,62171,48057,
350395666,76300,89424,
2137030406,85074,55083,
-1226919681,72837,70010,
1842289882,94230,41955,
,48273,85346,
,33143,50963,
781900234,80496,17362,
-471616763,44244,40806,
1444731033,46054,11275,2
-2133999761,68631,82648,
1842289882,21916,91881,
-1066802929,95248,23071,
,89990,56237,
1500255435,5277,82008,
-1588711467,47235,24421,
,54987,44240,
-1507476295,24362,14300,
1027648190,44503,9649,
-706936375,65344,88417,3
1257260888,39599,57041,
920899136,3458,35352,
1437690477,8292,46897,
1842289882,218,72658,
-1778757298,58397,21896,
1922219451,21024,22009,
-1968358408,7133,34274,
-1055594811,16144,94246,
-1209481884,49727,2296,
1096336205,4245,51259,
,70767,40192,2
396233747,69908,1098,
377227368,5104,3654,
983173018,54882,82915,
-1521569506,68101,54366,
-67680804,43813,35709,
-52816082,64761,40284,
239056557,99120,2803,3
-1342574652,68795,77060,
-393483424,73816,13468,
667884020,77900,31035,
239056557,30458,3809,
,70108,74585,
-1396770198,17318,85459,
-706936375,22596,65730,
1233431403,80735,46074,1
,25403,9604,
-188857170,3123,35058,
,63471,8476,
129196451,12767,92073,
-1651958269,87856,15593,1
,3335,30288,
,62996,33102,
-980019373,69213,33436,
-2038763604,50038,92982,
-381746232,87046,90481,
2063135064,19884,58640,
-625194596,92986,41913,
-1452638166,37940,83560,
-629777845,31656,51361,
663424977,31426,55931,
1190758864,81575,21474,
,24665,97949,
1652150603,59181,94997,
-44064551,96964,91749,
-1729672342,80476,24391,
616564133,1880,9636,
-529568497,63382,23200,
-920376055,30581,15280,
1842289882,5950,76399,
2086907797,68389,46950,
1517564243,79161,88584,
-2051100515,55349,83989,
-986742922,85501,70262,
,4256,91744,
-1979575801,4825,34247,
1343921656,47722,5330,
-1462788119,79330,69259,6
983173018,36392,883,7
-425388456,33887,63810,
424070670,72795,45616,
1915169308,723,84602,
,10567,54563,
620925072,20039,86626,
-1342574652,99644,52897,
239056557,68458,43894,
308161304,10195,40534,
1924701917,63595,40075,
1740618376,32729,4944,
-89514870,217,82624,
-1729672342,48694,2844,
,50406,4224,
,64805,39225,2
,15884,35237,
-706936375,19609,57526,
-2058237772,1200,7128,
817738286,40120,52064,
-1575000095,11757,2529,
,82757,73590,
-673199897,20460,33168,
338138606,89506,17968,
-57815420,19935,69796,
-656302230,87670,62121,
-2068839265,95434,72712,
-1595353054,45205,39519,
,94901,48753,
,65843,15276,
239056557,91128,49296,
-263129987,84849,35379,
-148352415,26657,29255,
-1249549242,42500,46640,
-2136929085,12441,12660,
825347816,63094,38884,5
983173018,41378,93638,
1367657861,69882,66832,
-1884685578,22637,71530,
983173018,20654,90578,
-1441505776,84210,21646,5
690943678,17573,16206,
1960708649,43456,51065,
809207334,13119,47530,
731297993,49470,46102,
239056557,99026,84580,
-706936375,23489,25255,
682491549,23335,7426,
1742329333,23837,35072,
-1249549242,10582,33187,
,31698,21047,
2103297234,15600,432,6
-706936375,60847,23335,
1797298918,42814,31448,
1264783472,78333,22916,
,92501,81861,
239056557,16906,72084,
-1051833678,39660,95272,
,83178,32958,
1024088628,48766,40152,
1842289882,58649,77751,
,59158,76112,6
1295806445,58554,76095,1
865121629,56214,24942,
684546955,7344,18582,
1458435869,60820,50056,
,78852,25738,
1456309682,57440,6595,
-1370062831,41855,2049,
-1789108767,71189,2907,
153709516,717,10978,
1036247386,48513,92499,
-1563812166,953,32309,
1842289882,43250,37587,
-680342007,85839,29585,
,87511,79792,
,36131,52427,
728209014,20310,69334,7
,38887,38406,
1027648190,40047,49455,
1496611159,24296,23049,
539201119,95679,49325,
2015675198,6376,97787,
1173192283,85318,79584,
-191428865,15676,10521,
712629286,99847,88958,
798409185,86117,25175,
-1342574652,18036,69828,
-1447400519,80128,4042,
239056557,76586,71446,
-871600480,72317,10171,
525255124,64426,70537,
,9311,32458,1
618278003,97408,60273,
-2010179616,9740,43248,
1502990647,54117,25211,
983173018,38319,92511,
,25069,46161,
415955557,50805,26290,3
539236888,108,60125,
-380644054,58736,61580,
1842289882,91452,33629,
1954963843,53727,29797,
239056557,99253,34693,
1150647031,94673,98995,
-1228889980,41835,30884,
-199280709,78324,75155,
-1839172211,47823,72240,
,11603,90108,
745388287,53839,61364,
,29677,50184,
1842289882,52582,91673,
583301034,28594,84339,
-1288048958,7729,45754,
100734089,19731,7572,
129196451,79135,51339,
-1992838143,51515,18602,
-1249549242,53716,92246,
907377473,58496,50358,
356548366,87832,98166,
-706936375,69512,57056,
450967885,43782,6519,7
-874857134,12572,45395,
983173018,39029,2256,
983173018,14619,50584,
,80951,15500,
,28939,58308,
983173018,90348,79286,
1780648349,69490,61975,
1146961006,14307,90144,
1852703608,66462,103,
-65471453,65448,45924,
-504113296,84374,64805,
,73860,94529,
-898181641,89916,37250,
-1462788119,78806,55061,
-1283228742,16337,93152,
-1496897181,59376,37416,
663424977,66107,45142,
2034047634,80305,34900,
713551442,67992,45061,
,52460,65081,
-349754667,40550,83320,
1737832444,22726,20068,
983173018,89664,43559,
-575369474,83244,75015,
1603353814,42429,29208,
-2048329513,58854,18185,
-587955787,93313,50467,
,48764,76412,
,77075,37638,5
-1014723853,14135,72970,
-706936375,71562,85740,
1376214417,47317,50884,
-44064551,45860,98983,
,10492,19111,
578878005,94028,69899,
-742151094,84971,50392,
415955557,22262,8561,
,32697,74997,
,98703,64469,
983173018,51344,4157,
892968163,39707,17253,
-910735115,69343,53465,
1889216420,10938,30667,
1550258314,81632,81736,
-40353716,59586,72783,4
702896170,74463,83429,
,39477,20966,3
,56290,51714,
498019582,99664,84142,
904206076,32176,15228,
,74799,61020,
239056557,67850,31959,
,78037,92414,
1959258106,65812,7590,
1895701768,5473,67068,
-1626124869,18821,36206,
1096470294,60284,99254,
239056557,19705,5825,
1840057444,79902,5156,
218281243,59682,70179,
1252129954,3037,47951,
,10196,22602,
-1430154183,73293,71524,2
1819347241,77172,10966,
-352526254,96090,25586,3
134623789,34414,87124,
,7531,39805,
1797298918,81928,38265,
352763079,82807,21566,
1819347241,30430,83738,6
-1389524136,52435,7078,6
1478907432,20961,60670,
1842289882,24821,90555,
-1641190876,62846,31565,
-1249549242,17371,81691,
-453523965,94272,81848,3
-113093554,81287,30416,
126854159,59874,62394,
-1249549242,40475,10566,
-1557268183,94206,42603,
-1249549242,23144,26474,
1603145771,53087,90206,
-936098296,74471,32226,
291992480,35398,56711,4
,6512,9575,
241407171,13035,58376,
-1729672342,81464,54987,
-1072074201,44229,60399,
-1735722210,92794,20918,
-1074781614,59018,51395,
817943804,65039,60017,
-551205192,37473,66328,
,13343,16486,2
-574203351,83674,65250,
,91533,12553,
-298553755,64755,55138,
-1133482393,22998,83567,
1989552469,57928,28446,
-1729672342,49394,87949,
,77592,33202,
-656430202,78228,652,
495491849,98889,77602,
-1996433105,16419,71989,
2055763814,91737,53752,
604763937,5760,55498,
-706936375,62688,32255,
-715168336,80540,25318,
-860427443,87165,42977,2
-673199897,83797,93306,
1776191226,12209,15587,
-613412323,65,33259,
-744242447,17908,39543,
-222081389,14701,26406,
1300220806,38584,23795,
-471913577,74446,34105,
-5105436,24924,13638,
,47971,71698,
,64875,11939,
,62595,63341,1
1109927092,14859,45954,
,96285,36416,
-545345978,16317,60420,
1027648190,44231,85330,
,66139,66657,5
-505353012,15428,65737,4
-1729672342,18343,92714,
-723943325,41993,41453,
,13826,37344,
321956628,21530,42223,
1843937653,71073,11440,5
-684627229,35159,53861,
1499554608,9464,96833,
,58268,53672,
,84404,54962,
,54105,38465,
-580574576,64269,45038,7
425572197,48146,62424,
1089723290,41405,13722,
-1127351088,39185,44554,
1395340435,6267,40789,
1743006460,17282,84745,
-1117194098,56328,72583,
,3439,20730,
546759776,48805,87615,
-1402185893,70810,26691,6
452078048,59441,28217,
1426682053,18524,17179,
-1733565332,90964,36360,
-622088754,28222,18988,
-1477856477,73264,71144,
-474933927,29628,66019,
1842289882,81739,26117,
,27441,20764,
-1729672342,1077,41280,
256929602,82512,9517,
1740618376,24441,11243,
702896170,43571,55190,
522127782,90232,46134,
-1729672342,37919,87619,
1131120579,1743,62568,
,23150,8003,
-1303100047,17253,38417,
1909990073,20606,93622,
86194947,53845,59438,
1237010868,88902,10883,
,89788,44529,
,75854,82052,
-161994537,3630,90699,3
2097855440,87778,59027,
-706936375,52413,69679,
-74765302,43676,3342,
,62743,64071,
713551442,58049,64128,
1537580685,20313,30060,
13789316,77007,92189,
,49934,79907,
,94385,98285,
,51426,31138,
-706936375,6273,34482,3
,46259,83744,7
,25145,47659,
2103297234,34354,42511,
1309172825,36583,71846,
1712399517,88975,20787,
1691479727,44889,86598,
1158476092,82868,40582,
239056557,71357,28204,
-179378807,13504,25249,
1802793811,83592,34279,
1850936155,16515,17395,
772440802,64023,93714,
-1697676519,72651,70390,
,15536,27901,
655786118,33254,70521,
-186794233,84537,30920,
-883959027,22976,55094,
-718553637,82578,79140,
-706936375,174,77671,2
,12864,6439,
1353575887,51661,93877,
,7335,73093,
1490480049,88476,49076,3
-2058558071,75510,35818,
-1801512937,96606,18397,
,55831,75739,
-734920015,96527,37180,
,23269,78543,
1550527794,38964,21891,
-11335994,36706,10798,
1613935636,52704,62035,
1653551045,78823,12300,
2026473995,20492,91370,
,5537,8249,6
-8479498,32841,59251,
1044621756,82350,3457,
-734920015,23682,6610,
125640842,9531,60780,
,89926,19098,5
,69518,26398,
1639885986,28793,58771,
-879378692,56769,8923,
-714321508,78787,26771,
401258354,49734,69839,
630139611,53584,84419,
1478907432,53611,83838,
1207898975,1426,58406,
-775704723,47484,7760,
-871126752,62815,76309,
-538835333,40008,73924,
,48875,56006,
-1249549242,81742,53325,
656135571,47716,15234,
-2064745071,78179,36855,
,17507,21585,1
,16687,68452,
,7346,83416,
-910553729,92322,92043,
84967466,41350,86192,1
-912014787,33293,44290,
1740119084,43456,61501,
976009250,16399,58454,
795165043,4615,18894,7
983173018,94879,6765,1
239056557,77162,31226,
1550258314,42751,68506,
,8702,1955,
,48905,10350,
,1209,29032,
-715168336,54191,81761,
-1860460011,99395,11032,
239056557,38786,24144,
-1100066354,91930,42712,
,2994,88931,
,15552,80434,
239056557,61502,86747,
,47487,34746,
-2078066116,56447,66162,
,98363,68453,7
1429089992,25317,78912,
-1226863308,53230,48889,
-1663269659,12250,73661,
-1095764418,96779,28091,
1259771206,65563,39355,
-1758590084,74124,69472,
269043481,37090,62358,
-1738155390,76298,24266,
-706936375,74747,20000,
-1583795811,15559,23553,
-747920002,13789,36116,
-775704723,83845,15663,
326773163,12347,59350,
-199280709,15752,78521,
239056557,87165,95392,1
-1553624273,70601,97217,
1110053759,92130,44398,
-1695292729,22000,16619,
-1249549242,47400,23169,
-706936375,40831,94055,
,17781,40246,
-1729672342,65891,92110,
-706936375,81700,30135,
1609733368,79701,56987,
655786118,12431,48647,7
964227560,94387,29266,
-1028717906,12703,92789,
-461417856,66267,96994,
109157225,55605,18087,
2006841828,97488,31285,
-983498443,63554,7545,5
1702646753,47482,12501,
-1996433105,72625,43021,
776782280,93668,31310,
1049380622,14386,11977,
467060579,38587,54842,
1694881433,99614,19629,
,99375,54863,
1620311062,7559,59962,
722241316,60704,28902,
-345361718,89716,40782,
-1193089349,51984,81298,2
,22363,9788,
1621088548,6731,80581,4
1473045976,94590,50421,
525255124,14312,31537,
-706936375,61955,74786,
,71831,86638,
267682762,59864,77643,
-398293687,76849,1298,
-1801512937,61194,5521,
-322572246,62548,37867,5
-587955787,79919,1823,
1966654874,76647,79399,
,44313,58458,
983173018,95522,56429,
129196451,75561,28524,
196417013,17057,64887,
-2045716319,86490,63805,
-1729672342,7284,83637,
,24357,78076,
1566808021,81448,504,
-1996433105,47539,71328,
-2084766424,80942,60442,
-1918355996,9505,1208,
239056557,65134,18090,
1485923671,42458,74436,
,40904,5006,
1915169308,99310,85484,
702896170,38619,65373,
,68261,21990,
346780414,16728,46140,
894893359,31408,40115,
,35074,7561,
1290536216,16532,8610,
62466522,43624,16006,
-12277244,60310,96024,
619408270,4555,50162,
-1252882689,72014,18107,
-1496504866,17635,48843,
-430054025,19892,72881,
-1565610782,11492,9263,
239056557,11654,67442,
-1260685889,25142,534,
93628391,67977,70844,
1842289882,32373,18608,
1298770335,48175,84970,
2052823795,41297,69396,
983173018,82161,36977,
-2045716319,37242,20837,
886826634,89012,31986,6
258250439,27008,42048,3
-2083973562,61190,45331,
-1648901523,45696,61866,
-794124698,16342,55557,
1672017385,43896,58687,
687705858,56315,5154,6
,60406,95707,
,92381,43350,
1285018374,6102,45750,
1966654874,51335,52160,
887991292,60589,50917,
-980112983,41349,92795,
857094303,84224,64684,
-1364983190,85979,30680,7
205048839,26503,85370,
2058274717,18039,54020,
,36346,60788,
-396671561,42007,5638,
239056557,86596,68433,
1936502314,55504,60765,
2056573700,64892,65679,
-641429938,4623,25940,
-706936375,49492,11344,
,8304,30302,
-1955390326,97000,40140,
,13215,11657,7
,18134,63236,
281881164,79522,18809,
702896170,80700,53031,5
-1380287901,88651,86546,
98330562,61250,4631,
,22116,77481,
-1388976052,45380,34324,
-1062002649,94961,99052,4
-276152916,72396,34022,
1571111169,31640,77982,
,64540,59224,
1443105789,74872,14745,
1873095149,90292,59765,
,7636,77811,
-1658963269,50972,50389,
663424977,24546,25127,
1740618376,64439,27222,
618696754,23402,39564,
983173018,23750,72859,
-111706242,54159,16913,
1483185027,4761,58996,
-943120572,81503,469,
699743914,51261,58057,
39203116,57776,44318,
1458152675,40228,38323,
1121292295,90855,71585,5
37112638,24240,72327,
-425388456,66003,79559,
-1260558406,74229,68180,
-715168336,19416,47805,
1842289882,59118,76236,
-1493315117,15840,84701,
,7932,33090,5
-2045716319,38159,65983,
-1437375312,49202,15084,
-2007727137,72279,53637,
,98047,33691,
92300486,19767,5487,
830094537,79760,29496,
308161304,59130,11807,
314498457,9311,30062,
,90042,78635,
-1317931159,89424,11307,
1429273260,30101,76922,
1460972054,69831,66443,6
-1390608340,66643,35457,
429651820,1302,77247,2
-618548446,82073,82200,
1453049931,76587,95892,
,76145,71907,
,21111,85841,
,64096,82548,
-706936375,49909,15503,
,25140,25656,
817943804,74453,51624,
,9097,91351,
,18988,99825,
526572635,76183,58957,
,52202,89247,
,45358,41658,
1842289882,46046,23390,
-1477507281,46482,38815,
,75060,41089,
-1865878396,96484,90915,
-1835263,8722,41013,
-325639684,7661,76227,
-1479100438,94972,65707,
915607883,86013,54524,
114538520,65198,664,
663424977,80861,18708,
-207932191,7329,97094,
,77309,95767,
1842289882,33265,72064,
-1729672342,62393,60071,
-792384427,87378,93421,
1578555258,68743,11353,
-2070166518,80316,55384,
877635940,11367,26765,
1734057688,73937,42961,
1842289882,85879,47976,
-706936375,56197,35809,
1529193720,98527,14563,
607706352,45736,25403,
,78279,59780,
279113138,54502,60092,
1842289882,86708,85266,
-2045716319,87895,84863,
-929519639,87750,47743,
,6102,73375,
,27753,29932,
,19420,70775,
1023008016,42579,64949,
,37080,36719,
-1948178124,21776,42492,
1456309682,27536,15015,
-1583345470,22446,76463,4
1418492447,53247,35298,
,99182,55997,2
,74531,10260,
855681799,42842,60417,
-170964195,55166,32371,
1426161932,18300,24627,
-2033681178,49419,31930,
357644923,31994,34052,
-2105079879,59618,54275,
1138119500,66821,78782,
,9856,88009,
1729248718,45899,47715,
-706936375,47572,78253,
-706936375,15489,33506,
-1784398473,2411,64230,1
718405640,24232,2362,6
,53729,7347,
-1868364934,99663,69425,
,17492,5803,
,9788,78868,
,29986,38237,
-1782693497,18611,20884,
1621375293,28407,17564,
1870815444,10913,31798,
-706936375,68394,56503,
,97370,66558,
-706936375,32169,34287,
1214380679,22207,34759,
,39755,58156,
,39543,78764,5
-2045704400,71651,43940,
-23031920,53898,11632,
-1355774940,67563,78659,7
57942720,55961,12826,
239056557,39814,83298,
1858562019,90167,93651,
-1729672342,36993,90803,6
-2107084328,70352,98659,
-1178520497,54006,87616,
-2024564321,46564,3972,
171835566,36880,33715,
-269849028,41528,39914,
,89696,19770,
1096554041,75737,35214,
1862780661,87582,61656,
-78095068,12001,24672,
,73545,85936,
,52106,43563,
-706936375,42477,20361,
1486024647,18435,75442,
,63524,12798,
,4625,63773,
-325381600,84530,47238,
239056557,54356,10953,2
976009250,15941,53020,1
-481921996,85632,94316,
910043905,17473,62578,4
,45470,70456,
355322244,75517,33806,
1837986387,66705,64798,
103473640,49756,79349,
,25046,22981,
-636999420,98481,86510,6
,75944,38540,
,93601,49366,
,3683,81359,
734546365,24492,27455,
-1729672342,9810,94919,
,69679,24437,
-1701931847,70078,19278,
-1195698741,27033,43506,4
1462839275,70292,31921,
,7989,469,
-1580890811,14709,47125,
,83240,39936,
-1147976137,73854,63163,
239056557,8838,72226,
514509645,62455,87060,5
,80866,50733,3
543048530,78433,12471,
-1728401719,57493,20339,
392027429,79365,28476,
-78312295,90842,87869,6
-2033336835,67181,69264,
1842289882,45142,50529,5
-1249549242,3926,72925,
,89502,31106,
-1621344316,26083,81450,
953446095,67216,44258,3
-1309965773,18232,51101,
-198996795,14964,95463,
731297993,88071,34793,5
-2078066116,17233,62730,
1603535809,2835,25357,
-706936375,19373,40909,
239056557,36012,55265,
-706936375,2339,82099,
,31387,58870,
702896170,85072,83862,
1028974471,19556,8154,
-1619312949,10157,53398,
,81013,13057,7
239056557,92668,34116,
-1890010689,22780,96933,
1246532533,33351,38502,2
,21493,92736,
-68232321,73188,8140,
983173018,11999,61648,
1733672602,13413,97098,
-884094562,39522,93064,
-387309438,49698,96713,
,25209,18593,
-423688512,29853,80777,
,97931,84863,
,88188,90629,
1536174982,90870,86427,
-396200889,93468,2536,
1233905092,15914,14243,7
-1637858555,70678,86293,
-1764239940,22804,18625,
-1791199765,13631,77265,
,91484,21418,
1842289882,6598,18721,
1870838899,91065,33639,
,85737,88412,4
-1904315016,1735,58409,
235968983,43520,46538,
1842289882,58345,2115,
449207439,52583,55905,
877635940,97736,57420,
-1420246088,50910,78517,
-444533065,96910,22199,
2046205733,51301,18968,
2103297234,26042,14865,
-1071774165,66220,26740,
603793542,88325,97464,
1031268937,93347,44584,
1793914312,91395,73191,
2032042111,61550,11492,
,31195,12740,3
-860427443,51160,11822,
,62505,86033,
1376610099,72639,70269,
-1729672342,84859,20914,
,76164,58585,
1915169308,36593,60265,
-713138706,25248,97387,
-2077656988,45491,58539,3
-759411092,56176,16986,
1996968677,98625,35133,
1459492323,51670,67889,
,94796,7450,
,13803,2784,
-587955787,11572,68432,6
-823176917,71004,93904,
,70265,97315,
-1178520497,67021,64280,
,21663,30936,
2063135064,63492,13438,
,21460,80892,
983173018,5167,66313,
392027429,11494,79234,
,58853,68278,
983173018,45449,68875,3
,4483,73023,
,33851,82428,
-1601823388,91646,48545,
-43619297,74134,27893,
,15263,7658,
-31972384,98713,10938,
,51258,44286,
,17883,10765,
1395340435,47541,83881,3
1632672196,19940,12320,
85016470,26017,31390,
1042838997,28206,37255,
1550527794,40960,23769,
-2059277002,89557,46085,
1858007531,82889,94926,
132729837,52891,74958,
-1178520497,16307,30542,
1373996976,18997,10098,
-1729672342,60082,99596,
1842289882,42710,75554,
-1769357041,75733,97386,
-2037553239,68081,63601,
2082651819,58156,36210,
,90035,30108,2
,78326,55665,
-1014723853,64195,15591,
-81394392,63603,30509,
1038919181,13880,67923,
1842289882,58296,54317,4
-549871439,87904,45092,
-218626347,80400,73450,
,86314,80678,
,64291,28012,
-1896946369,76812,24939,
,39499,6500,
,43825,63820,
-1421149260,13063,71262,5
,96774,19922,
1344065237,11740,15991,
-1534080233,68536,85304,
-2105079879,91402,98613,
,48743,19397,
-906431940,35894,57188,
405091853,76018,95112,
,9969,87074,
1842289882,48331,50245,
239056557,4797,66168,
1390655043,14235,26209,7
631792838,6309,8581,
-457153008,81421,29021,
-2145359626,58411,14634,
-250866254,35778,1083,
-425388456,76315,79662,
-706936375,12319,76320,
1310298633,27782,52640,
1513268567,85237,64100,
1842289882,88525,97339,
-706936375,14224,7395,3
-484644652,45475,21786,
-1405784815,58552,7194,
1189821093,29175,85803,
-706936375,93445,98163,
,52344,35873,
-690554329,16348,43102,
1094597588,61569,59920,
-641343148,27187,64558,
1858783845,50038,36233,2
-509521914,79790,54525,
1842695286,8205,14392,1
-1350520378,84921,85767,
1964846489,39481,52740,
386107177,15316,7136,
1811376696,7767,30422,
872046406,73295,42993,
1456309682,69403,26742,5
,49795,54928,
1842289882,6840,40068,
-54854810,9176,6029,
22291832,64781,66480,7
-1814078409,56517,67506,
,39640,40722,
1774073465,76873,42758,
-1047997293,1793,98635,3
764025223,65713,75733,
,29176,87356,
-706936375,92345,45122,
1006727027,13495,42479,
321956628,19944,51708,
1516587026,70979,41899,
-706936375,46447,15367,
663424977,50359,25951,
-1244734728,63540,9053,
-1597942075,42532,82204,
-400177176,82513,98328,
,26873,5332,
1588905334,21604,54974,
,32343,77217,3
715590768,96422,65465,
-1407428650,5622,47188,
,58571,65781,
1632672196,65851,94378,
87823325,44870,34930,
1266081371,6121,91644,
-391475652,342,6294,
,30748,21976,
-1996433105,41883,30844,
727625868,59330,34191,
-1127351088,31906,96319,
-1729672342,74719,27023,
-1729672342,1251,83477,
1842289882,15376,30694,
1936502314,13049,389,5
,15963,88114,
2135665660,39554,14725,1
-507928269,49835,79460,
1842289882,34034,20107,
735246198,66220,81031,
1842289882,51093,10559,
457320280,65351,88881,
-616912632,70298,66235,
1576910161,3294,53111,
1996968677,82607,93276,
,36320,24743,
-1324887275,7522,2967,
,43320,52984,
-1289620673,34900,10775,4
-1249549242,27190,45102,
393077973,35120,1956,
-706936375,74771,33435,
855177658,79502,52823,3
-39102513,79278,69359,
-1729672342,90129,84814,
239056557,49151,14633,2
2041026861,98276,74138,
,70759,31086,3
1283307655,13712,96042,
415755595,91120,4918,
1616232696,1111,4115,
-1851775551,62417,49157,
,80640,39172,
1061637938,8609,55994,
,33634,85842,
,9478,58925,
,95658,19081,
,40863,80498,
983173018,20121,43651,
1174595401,81602,77101,
382772655,80467,53040,
-509052103,76677,54706,
,82896,52692,
1578555258,28787,77668,5
-85717865,27676,72718,
415755595,96015,77149,
-1729672342,59532,50698,
,45857,1070,
-458612441,34461,52980,
,31211,79356,
1484411575,80739,32667,
,24482,4028,
712908754,24893,97252,6
,36575,85957,2
-458861775,66765,76806,
-1920161246,99892,43633,
-158960186,71217,71079,7
-1729672342,53143,85927,
1458435869,45760,52371,
,56701,32921,
239056557,19352,25462,
,69802,37613,
,94109,76604,
,50257,19071,
578376059,12411,70492,7
1660122483,41716,33917,
,26731,5613,
698858024,20365,6263,
2018755571,55436,13057,
832246424,86202,55201,
983173018,70494,36238,
-823320243,92153,202,
882932250,97075,51248,
-1249549242,716,7616,
1043306073,8681,58425,
1842289882,57268,95925,
-1193516840,48721,41627,
621220780,74209,26910,
,7448,29907,
-151077072,76169,5902,
-502590113,76298,62818,6
1470191608,6400,30428,
1458044987,63687,3450,
,16786,52792,
,22930,49256,
-694907423,22712,49684,
-695259439,48090,98027,2
-1729672342,2558,33623,
239056557,84032,46294,1
2008489294,94913,63919,
1842289882,54963,82090,
1619676385,95848,28482,
,98600,82735,
809207334,36494,97318,2
-1201574494,61723,95092,
-692401291,96361,72223,
,40159,11266,
-2083973562,14229,83760,
-462761312,2853,68689,
-197008526,47719,69994,
1657174760,72642,91200,
,17283,85575,
1395340435,87297,36094,
-1729672342,20689,77033,5
-799433701,11211,69661,
-723943325,64526,62459,
,62575,66875,
1017885364,76637,94835,
-812406338,4297,40787,
1516279268,37500,80343,
-2031906844,24744,14965,
-432949895,94813,79748,
,61941,76951,
-706936375,61122,48853,7
-2124481741,56710,44592,
159645766,82813,68774,
407259597,18571,41904,
,57352,81992,
1352132981,25440,10178,
-623262408,98433,78766,
-173152585,95322,81493,
-706936375,18986,53421,
1315526939,73047,72378,
,85835,53354,
,95763,86478,
239056557,14292,82202,
-651016503,42229,55995,
,57675,7555,
,44049,81615,
-1392144814,18959,37217,
522466010,10271,98922,
261380979,80694,85259,
1361582712,73009,23592,
-706936375,28093,6506,7
-12277244,89270,3922,
,45825,12138,
,4882,62780,
,63292,69727,
-715168336,21785,82500,
-1544114370,85364,10079,
,31930,53920,
239056557,92805,28818,
-571784212,31723,87299,
-1729672342,19956,56782,3
2117666816,85194,99365,6
-706936375,19085,8641,
1148132700,57948,53122,
-466821297,19027,43405,
89544990,48725,85336,2
1842289882,95214,13230,
,45505,32225,
-1522521786,25586,58822,
-1454230586,84875,28362,
-706936375,56795,84933,
122869074,4144,88308,
308161304,33555,29173,
1026535907,43271,40014,
1808422432,59731,5688,
2043869679,68307,81416,
1148254206,37442,44437,
1821407012,88076,45026,
,73667,97260,
2008156288,72729,17784,
-620682566,87625,89796,
655786118,9163,33959,
-1370062831,97875,62498,
-191428865,56928,82935,1
-1195698741,85637,23162,
739025058,86295,89297,
313814743,14060,92275,
-1249549242,3435,84854,
1984526147,3515,41562,
239056557,12975,96221,
,98093,54337,
,55736,71369,
-123404268,83570,45135,
249969419,62202,36185,
2122794089,81976,53671,
-32833237,9542,36154,
-1229877674,58394,33437,
1456309682,14886,95404,
1488462540,75574,7061,
1318696649,45035,80490,
-282247744,34888,53072,
-1056779830,57908,80998,
-1875781821,72977,97035,
,72313,59709,
-425388456,45612,63834,
239056557,35752,55827,6
239056557,1102,30688,
,8164,73273,
-1464701466,35084,30125,
239056557,47902,591,7
-431739044,8388,75399,
1957144619,67256,56967,
-1450691963,56044,57853,
1957924676,36242,32747,
1088566006,28933,48445,
,76213,99525,
-1276208958,58869,34740,
-1895900272,81125,29847,
1842289882,63178,53283,3
1489866389,61839,88827,
,77037,88343,
,76423,76264,
1599407529,13715,91045,
1797298918,92927,39919,
-1178520497,76952,20248,
,25538,55146,
484235112,12114,56624,
-423688512,10203,46180,
32261312,99300,95696,
-1707808292,31274,94155,7
,81523,73453,
1226979460,82630,27598,
,89346,98859,
-1105663172,70021,50573,
-706936375,31967,25782,
1936502314,75,87021,4
,62506,18165,
-1729672342,89644,214,
,92938,35763,
,61124,29956,
-31494649,81884,55943,
983173018,98996,63793,
159645766,59160,71613,
1178559505,97089,14476,
-2038763604,43178,37428,
-512575548,49971,60635,7
,15620,83399,
261380979,71638,8666,
2112091881,89791,37329,
,9853,4773,
1411640144,5362,78859,
-706936375,68928,47719,
-1457236141,58836,9405,
-1358487140,26784,33359,
-1063194906,90588,85875,
-208182573,89339,66965,
1228187877,14777,76951,
-373828031,66317,39155,
,64241,43537,1
-1708085779,45944,38143,
-1815895797,71104,3934,
159391551,69863,88896,
239056557,53228,15268,
-1178520497,5500,41293,5
-575369474,33736,93623,
,40472,38283,
615689600,90112,29076,
1544920431,32614,64042,
-706936375,3388,80283,
,13389,38334,
-648998243,22552,21272,
-1059035436,19723,38928,
104841756,5188,7183,
-1729672342,96432,9050,
-477779173,52596,12820,
1797298918,33296,40714,
-2045716319,8892,8390,
-732643995,50765,1760,
814480496,6122,40440,
1336953045,98975,25703,
1842580,15861,35131,
239056557,27106,72009,
239056557,6319,41014,
1455349453,10007,28465,
855681799,67052,8712,
-1729672342,41897,14631,
-157956613,38299,764,4
1789052600,48042,9357,
1468694856,61256,17093,
1842289882,78773,96174,
-1026973862,99106,58672,
-50611526,14227,18168,
,91697,91633,
-1695768018,95451,69608,
374206255,84300,88089,
-1442101790,73017,32601,
-1729672342,17727,21980,
258187960,69730,50820,
-112583638,18940,97892,
-745881455,12193,77294,
,79805,14883,
,21267,1940,
1797298918,73869,95286,
-706936375,96777,99616,
-2046555403,52575,38655,
,80462,83095,
,20803,64931,
,85497,50671,
-977898715,17251,58003,
,57824,17187,
,73121,4210,
1017614626,60456,49809,
,72370,69162,
239056557,53001,82025,4
,9789,55257,
-1249549242,21143,54302,
,46605,28158,
1212936498,36728,91227,
1842289882,45552,19654,
,67821,84097,
239056557,66134,57694,
-2055714944,30986,4639,
239056557,37659,22700,
,69515,31571,5
239056557,41054,59451,4
-1725596513,85205,7777,
663424977,54928,27274,
-1534080233,32935,51282,
891882894,90852,92853,
-1266421680,92447,15177,
1966654874,81669,83377,
,80412,82614,
1307759528,77492,38115,
-706936375,25694,70652,
239056557,31434,6680,
1842289882,71326,34473,
,25265,74918,
,53958,38401,
239056557,90395,88792,
983173018,2995,15914,
-588102628,94963,70707,
1330071150,36093,67553,
1318696649,63587,558,5
2067813795,14700,91291,
,1685,45070,3
,95903,88825,
1429089992,39765,52788,
239056557,94413,61808,
-1751855979,27811,55134,
-466306030,95260,21421,
-1729863542,57525,15151,
107020632,90407,1441,
1294962844,52195,18010,
1243436517,63401,13207,
,31476,45997,
,46522,13622,
,14033,54191,
-1571144607,61508,48652,
936407964,51367,18727,
1412929404,7253,85449,
-945102514,50523,67625,2
,67091,49443,
-423250391,54325,64597,
1797298918,12515,4675,
2059396987,74176,19465,
-1372546210,83611,36993,
-97110401,51161,53338,
983173018,2620,92407,
-829788897,55043,85482,
1322992164,22528,58097,
889997496,91088,72203,
,40203,10533,
-373828031,45511,66647,
-294970133,5865,22184,
1883367704,59259,72670,
1842289882,38237,42269,
1353575887,95823,19214,
1522913817,27797,93287,
685162144,27308,85657,
,57131,41607,
,89653,38332,
975027991,14949,69194,
,20489,75975,
199008364,99686,216,
2119070362,43526,11268,
906096836,67403,57504,
-725581774,41317,8891,
-512456841,52091,20759,
-1700424528,11968,82255,
1310313099,66005,96837,1
,77937,59408,
,9333,57782,
-1729672342,28792,4165,
-1758368051,46549,68515,
,54667,52224,
-1729672342,72349,99653,
,64081,73404,
-987964594,75353,32807,
1536645282,84312,9754,
1169200701,19372,10275,
,50228,68474,
1154663514,16531,44670,
,44588,76045,3
,53429,6929,
1639885986,12873,10086,
1818751597,77296,78137,6
-706936375,3593,12197,
-134392102,73448,79585,
256850654,12314,5080,
-1654752182,69035,54532,
1956336806,7632,45770,
-2003037444,72734,60984,3
,50126,96245,
,8116,5676,
,65691,18729,
1543646456,66112,62170,
1024088628,41498,80261,
-1778933575,44767,94374,
1007928833,44833,48483,
-1042918085,81394,26621,
127398787,1910,12958,
-1835988860,56572,1284,
-57425035,75741,7137,
1842289882,31889,73571,
813946336,87434,2515,
-521029855,87543,50666,
1842289882,21960,33988,
-706936375,40069,45070,4
685162144,64874,48880,
,53143,14292,
,87606,41591,2
1835325309,98935,94602,
-1146842150,915,1530,
-706936375,56612,44020,
,34749,35396,
649236601,24522,78375,
1321580336,76275,1148,
-381746232,25057,60299,
734546365,5217,27064,
-63291961,65145,93031,
1740618376,62288,76486,
-706936375,35441,64673,
-1430249358,68741,99858,
-637966965,90132,83744,
,22609,74297,
1353575887,82848,85628,6
,82306,31994,
291458627,60244,18334,
,38970,35933,
-706936375,21820,64985,
709460400,86669,25538,
-2038763604,24174,40734,
-1474936265,86075,42345,
-1925570975,75085,37445,
-1249549242,99533,53966,
685742862,5657,35870,
,87897,67574,
,16468,51656,1
856971519,23014,83659,
-584249738,94517,44331,
-587955787,47377,27625,
1081066229,56901,86663,
1032475239,61636,28077,
,58975,99769,
1171511078,23015,91749,
175213639,32770,72634,
983173018,62739,36968,
1842289882,13231,29934,
324640838,16484,91173,
-316616076,48802,71290,
1138293032,36498,60823,
296767862,42722,54596,
-706936375,65292,41406,
-1249549242,29272,39266,
-1575399630,29178,26242,5
,70191,49655,
-1959749068,64006,15608,
,1323,11236,
141552789,77395,46322,
1295806445,34547,82568,
-261760816,92616,55603,
-430054025,10092,55872,
412624206,3582,42472,
-497342185,86759,727,
,16463,31171,
-950878818,80829,75950,
-138330081,45433,44846,
1912678987,58885,39777,
,5281,94994,
1469300884,46996,47830,
1178225604,46586,40246,
,42763,55944,
-1325357196,63781,72068,
657167177,59138,36643,
-1297473866,47978,12321,
2101790898,61094,92826,
-607936185,16612,55838,
,98538,30017,
,45947,15521,
39203116,80425,29779,
-2031906844,57499,36234,
-302707745,73421,78059,
1816499891,8063,73169,
751541229,69804,71588,
-1634402935,67142,76644,
-1393110005,57773,70096,
1343142295,71570,72626,
239056557,54896,87147,
1842289882,38722,61272,
3290269,78935,37648,
-673199897,19569,91850,5
1502787091,98756,35078,
,38453,24766,
1373297890,24835,20028,
-1421603662,94056,10288,
1097067003,34497,10510,
776716770,63513,67461,
,73681,14595,
1189821093,59240,57476,
1117314281,39260,5121,
,2544,80488,7
983173018,16247,5388,
-706936375,33427,96859,
-1979682379,45803,44022,5
826240605,96346,10722,
1895051902,79500,58012,
-1729672342,43585,53653,
308161304,44860,33343,
1842289882,23884,5338,
,25114,21872,3
,14892,28381,
-1178520497,68843,15520,
-1787403143,25850,51676,
1012902575,53205,15466,
,20467,32955,
-1638618264,79708,3172,
175870861,88989,6481,
-1855517326,59667,36552,
-1729672342,12437,28014,
,38736,86321,
324363378,97016,45693,
1159798915,79371,59965,
1779050762,32169,53334,
-706936375,96898,82307,
983173018,97821,1397,
-471913577,72224,54030,
-1926608068,11272,66035,
-1758368051,25382,33940,
,7982,75031,
,95257,99874,
-833543854,86205,29699,
210760856,59227,91714,
-1338697139,54269,16021,
872828131,51486,46833,
-1729672342,34529,45102,
-1946714167,31285,12250,
-2136199405,59734,39869,
1171955639,42058,3962,
-1875781821,45396,3127,
-698076998,91180,4448,
239056557,91541,1266,
,44802,15767,
-1729672342,51318,11548,
-500153718,21311,99122,
,69691,96325,
,12258,94739,
,30651,26869,
-1095629287,74782,56456,
-953485366,80683,85175,
-1729672342,160,17400,
,19802,72933,
-1195698741,57555,88139,
338138606,59754,43458,
445893764,38493,69538,
-706936375,4835,85851,
139120400,2634,18313,
-1715324888,34766,4463,6
-1462634392,2854,7332,
,35182,45279,
245997003,98811,57083,
239056557,24803,40004,
,99362,18603,
-1906703883,31628,41833,
983173018,89751,56803,
859461317,13500,79280,
1162058130,91761,2794,3
-2045716319,20076,84299,
,27621,48664,
,80295,84245,
-1303832738,32833,79130,
,96297,74593,
,61660,77536,
,10458,51479,
1954830547,58230,26079,5
-325381600,35549,47500,
-44064551,42113,25420,
1905599672,83897,23414,
80421550,58494,9722,
-1320666141,867,96258,
702896170,82714,36561,
-706936375,16281,52782,3
-1249549242,2481,62268,
-1433390878,59910,17512,
245389576,77489,45084,
269043481,23975,5135,
636130037,3592,95108,
-11641713,16282,8856,
,88209,1064,
1606784545,22750,80329,
,44580,27445,
1060033568,31153,15860,1
,32941,40283,
-111706242,8493,61715,
,67606,10764,
100351576,41259,72042,
563402856,9785,85805,
,26506,75858,4
,99597,79662,
1846705673,30948,56449,
-1855517326,86311,31381,2
